           1
         (5.91208776387038611E-003,0.0000000000000000)        (-2.37505418573483781E-003,0.0000000000000000)         (2.68341994875091663E-004,0.0000000000000000)
         (9.39058758538715448E-004,0.0000000000000000)         (1.64971563699122144E-003,0.0000000000000000)        (-6.08787963942902192E-003,0.0000000000000000)
        (-2.19796689224425025E-003,0.0000000000000000)        (-5.68359283121038904E-003,0.0000000000000000)        (-1.87919812917852823E-003,0.0000000000000000)
           2
         (4.50919458102530708E-003,0.0000000000000000)         (2.60338470518336898E-003,0.0000000000000000)        (-3.68174195814499660E-003,0.0000000000000000)
         (4.50919458102531315E-003,0.0000000000000000)        (-2.60338470518336465E-003,0.0000000000000000)         (3.68174195814499096E-003,0.0000000000000000)
               (0.0000000000000000,0.0000000000000000)        (-5.20676941036672756E-003,0.0000000000000000)        (-3.68174195814500007E-003,0.0000000000000000)
           3
         (5.03002019270467997E-003,0.0000000000000000)        (-1.34511878795661702E-003,0.0000000000000000)         (3.68174195814499616E-003,0.0000000000000000)
         (1.35010305487417688E-003,0.0000000000000000)        (-5.02868466240925793E-003,0.0000000000000000)        (-3.68174195814499660E-003,0.0000000000000000)
        (-3.67991713783050308E-003,0.0000000000000000)        (-3.68356587445264330E-003,0.0000000000000000)         (3.68174195814499530E-003,0.0000000000000000)
           4
         (4.50919458102531055E-003,0.0000000000000000)         (2.60338470518336465E-003,0.0000000000000000)        (-3.68174195814499660E-003,0.0000000000000000)
         (4.50919458102531055E-003,0.0000000000000000)        (-2.60338470518336465E-003,0.0000000000000000)         (3.68174195814499746E-003,0.0000000000000000)
               (0.0000000000000000,0.0000000000000000)        (-5.20676941036673016E-003,0.0000000000000000)        (-3.68174195814499530E-003,0.0000000000000000)
           5
         (4.74944486144740410E-003,0.0000000000000000)         (2.13382782829392176E-003,0.0000000000000000)         (3.68174195814499530E-003,0.0000000000000000)
         (5.26773324118984709E-004,0.0000000000000000)         (5.18005381803387545E-003,0.0000000000000000)        (-3.68174195814499616E-003,0.0000000000000000)
        (-4.22267153732841689E-003,0.0000000000000000)         (3.04622598973995325E-003,0.0000000000000000)         (3.68174195814499746E-003,0.0000000000000000)
           6
         (4.93876729081066737E-003,0.0000000000000000)        (-1.64894673654104179E-003,0.0000000000000000)         (3.68174195814499660E-003,0.0000000000000000)
         (3.89741340873732325E-003,0.0000000000000000)         (3.45262456895116532E-003,0.0000000000000000)        (-3.68174195814499790E-003,0.0000000000000000)
        (-1.04135388207334521E-003,0.0000000000000000)         (5.10157130549220884E-003,0.0000000000000000)         (3.68174195814499530E-003,0.0000000000000000)
           7
        (3.08748543922214526E-003,-0.0000000000000000)        (-5.57970475936561423E-003,0.0000000000000000)         (3.00893727272237354E-018,0.0000000000000000)
        (-4.28474677852417612E-019,0.0000000000000000)         (7.74339586807284353E-019,0.0000000000000000)         (6.37696413186525889E-003,0.0000000000000000)
        (-5.57970475936561509E-003,0.0000000000000000)        (-3.08748543922214569E-003,0.0000000000000000)               (0.0000000000000000,0.0000000000000000)
           8
         (4.50919458102532617E-003,0.0000000000000000)        (-4.08813349551386332E-003,0.0000000000000000)         (1.90262983588650072E-003,0.0000000000000000)
        (1.08984608339811549E-017,-0.0000000000000000)        (-2.69072491808638493E-003,0.0000000000000000)        (-5.78149383414745983E-003,0.0000000000000000)
        (-4.50919458102529407E-003,0.0000000000000000)        (-4.08813349551389801E-003,0.0000000000000000)         (1.90262983588649986E-003,0.0000000000000000)
           9
         (4.50919458102531315E-003,0.0000000000000000)        (-3.56522244740079290E-003,0.0000000000000000)         (2.76080145430588697E-003,0.0000000000000000)
        (2.93608996019262733E-018,-0.0000000000000000)        (-3.90436285969875075E-003,0.0000000000000000)        (-5.04198593799120263E-003,0.0000000000000000)
        (-4.50919458102530882E-003,0.0000000000000000)        (-3.56522244740079984E-003,0.0000000000000000)         (2.76080145430588697E-003,0.0000000000000000)
          10
         (4.50919458102531055E-003,0.0000000000000000)        (-3.13241614364317793E-003,0.0000000000000000)         (3.24357902209759840E-003,0.0000000000000000)
        (1.68468964125904614E-018,-0.0000000000000000)        (-4.58711344367928372E-003,0.0000000000000000)        (-4.42990539333661636E-003,0.0000000000000000)
        (-4.50919458102530882E-003,0.0000000000000000)        (-3.13241614364318140E-003,0.0000000000000000)         (3.24357902209759753E-003,0.0000000000000000)
          11
        (-4.50919458102530969E-003,0.0000000000000000)         (2.74712168657410090E-003,0.0000000000000000)         (3.57577379160123636E-003,0.0000000000000000)
        (-4.18772794507002693E-019,0.0000000000000000)         (5.05690779206073495E-003,0.0000000000000000)        (-3.88501674664234542E-003,0.0000000000000000)
         (4.50919458102530882E-003,0.0000000000000000)         (2.74712168657410133E-003,0.0000000000000000)         (3.57577379160123852E-003,0.0000000000000000)
          12
        (-4.50919458102531402E-003,0.0000000000000000)         (2.35170670026843293E-003,0.0000000000000000)         (3.84737720602757686E-003,0.0000000000000000)
        (-7.41167727596606192E-018,0.0000000000000000)         (5.44101302432930308E-003,0.0000000000000000)        (-3.32581551024330917E-003,0.0000000000000000)
         (4.50919458102530882E-003,0.0000000000000000)         (2.35170670026844724E-003,0.0000000000000000)         (3.84737720602757469E-003,0.0000000000000000)
          13
        (-4.50919458102531923E-003,0.0000000000000000)         (1.87535332811899417E-003,0.0000000000000000)         (4.10071770111781336E-003,0.0000000000000000)
        (-2.55735469467122060E-017,0.0000000000000000)         (5.79929058838423144E-003,0.0000000000000000)        (-2.65215011086743181E-003,0.0000000000000000)
         (4.50919458102530188E-003,0.0000000000000000)         (1.87535332811903386E-003,0.0000000000000000)         (4.10071770111781336E-003,0.0000000000000000)
          14
        (-4.50919458102532963E-003,0.0000000000000000)         (1.19367510530288398E-003,0.0000000000000000)         (4.34833019819424755E-003,0.0000000000000000)
        (-9.72486154205631888E-017,0.0000000000000000)         (6.14946753996279023E-003,0.0000000000000000)        (-1.68811152298657457E-003,0.0000000000000000)
         (4.50919458102529147E-003,0.0000000000000000)         (1.19367510530302818E-003,0.0000000000000000)         (4.34833019819424408E-003,0.0000000000000000)
          15
        (-5.28992226480498943E-017,0.0000000000000000)         (4.50919458102531055E-003,0.0000000000000000)         (4.50919458102531142E-003,0.0000000000000000)
        (-6.37696413186526062E-003,0.0000000000000000)        (-7.49241038249045427E-017,0.0000000000000000)         (1.13305717038398957E-019,0.0000000000000000)
         (5.30594611297800181E-017,0.0000000000000000)        (-4.50919458102531142E-003,0.0000000000000000)         (4.50919458102531055E-003,0.0000000000000000)
          16
        (6.37696413186526062E-003,-0.0000000000000000)               (0.0000000000000000,0.0000000000000000)        (-9.51355167110750541E-019,0.0000000000000000)
         (9.51355167110750541E-019,0.0000000000000000)               (0.0000000000000000,0.0000000000000000)        (6.37696413186526062E-003,-0.0000000000000000)
               (0.0000000000000000,0.0000000000000000)         (6.37696413186526062E-003,0.0000000000000000)               (0.0000000000000000,0.0000000000000000)
          17
         (4.50919458102530188E-003,0.0000000000000000)         (4.33656288733041614E-003,0.0000000000000000)         (1.23574192037681995E-003,0.0000000000000000)
        (-3.61914525866383295E-018,0.0000000000000000)         (1.74760298338987280E-003,0.0000000000000000)        (-6.13282604934648791E-003,0.0000000000000000)
        (-4.50919458102531836E-003,0.0000000000000000)         (4.33656288733039880E-003,0.0000000000000000)         (1.23574192037682082E-003,0.0000000000000000)
          18
         (4.50919458102531229E-003,0.0000000000000000)        (-3.94059854452229966E-003,0.0000000000000000)         (2.19192127606278970E-003,0.0000000000000000)
        (3.64674624195178313E-018,-0.0000000000000000)        (-3.09984479626213786E-003,0.0000000000000000)        (-5.57284790553111854E-003,0.0000000000000000)
        (-4.50919458102530535E-003,0.0000000000000000)        (-3.94059854452230660E-003,0.0000000000000000)         (2.19192127606278970E-003,0.0000000000000000)
          19
         (4.50919458102531402E-003,0.0000000000000000)        (-3.31321462987241126E-003,0.0000000000000000)         (3.05866712571790543E-003,0.0000000000000000)
        (1.94419384441528351E-018,-0.0000000000000000)        (-4.32560853197499345E-003,0.0000000000000000)        (-4.68559306461852499E-003,0.0000000000000000)
        (-4.50919458102530969E-003,0.0000000000000000)        (-3.31321462987241560E-003,0.0000000000000000)         (3.05866712571790456E-003,0.0000000000000000)
          20
        (-4.50919458102530708E-003,0.0000000000000000)         (2.38227396369976091E-003,0.0000000000000000)         (3.82852537296362585E-003,0.0000000000000000)
         (5.91831412097966878E-018,0.0000000000000000)         (5.41435250633467199E-003,0.0000000000000000)        (-3.36904414875250236E-003,0.0000000000000000)
         (4.50919458102531229E-003,0.0000000000000000)         (2.38227396369975050E-003,0.0000000000000000)         (3.82852537296362889E-003,0.0000000000000000)
          21
        (-4.50919458102530882E-003,0.0000000000000000)         (1.20714127760058695E-003,0.0000000000000000)         (4.34461111095812980E-003,0.0000000000000000)
        (-3.05871748495491268E-018,0.0000000000000000)         (6.14420795635382821E-003,0.0000000000000000)        (-1.70715556648313766E-003,0.0000000000000000)
         (4.50919458102530795E-003,0.0000000000000000)         (1.20714127760059150E-003,0.0000000000000000)         (4.34461111095812980E-003,0.0000000000000000)
          22
         (4.50919458102531142E-003,0.0000000000000000)        (-8.71481297776459091E-018,0.0000000000000000)         (4.50919458102531055E-003,0.0000000000000000)
        (-1.12930867093033811E-017,0.0000000000000000)        (-6.37696413186526149E-003,0.0000000000000000)         (2.97344931969906778E-018,0.0000000000000000)
        (-4.50919458102531055E-003,0.0000000000000000)         (1.00879643701498297E-017,0.0000000000000000)         (4.50919458102531055E-003,0.0000000000000000)
          23
        (-6.12217369288624216E-003,0.0000000000000000)         (1.78456179865749999E-003,0.0000000000000000)        (-1.79208764037141384E-018,0.0000000000000000)
         (1.04078728604762378E-018,0.0000000000000000)        (-3.03380682153331030E-019,0.0000000000000000)        (-6.37696413186526062E-003,0.0000000000000000)
         (1.78456179865749999E-003,0.0000000000000000)         (6.12217369288624216E-003,0.0000000000000000)               (0.0000000000000000,0.0000000000000000)
          24
         (4.50919458102531402E-003,0.0000000000000000)         (4.43600299273400403E-003,0.0000000000000000)        (8.09143508904909981E-004,-0.0000000000000000)
         (6.31522806293509915E-019,0.0000000000000000)        (1.14430172419947938E-003,-0.0000000000000000)        (-6.27345559505207168E-003,0.0000000000000000)
        (-4.50919458102530535E-003,0.0000000000000000)         (4.43600299273401184E-003,0.0000000000000000)        (8.09143508904910849E-004,-0.0000000000000000)
          25
         (4.50919458102531142E-003,0.0000000000000000)         (4.23966363151938742E-003,0.0000000000000000)        (1.53560674038631596E-003,-0.0000000000000000)
         (7.65046659964649581E-019,0.0000000000000000)        (2.17167587872586819E-003,-0.0000000000000000)        (-5.99578980759468434E-003,0.0000000000000000)
        (-4.50919458102530969E-003,0.0000000000000000)         (4.23966363151938742E-003,0.0000000000000000)        (1.53560674038631531E-003,-0.0000000000000000)
          26
         (4.50919458102531055E-003,0.0000000000000000)         (3.45102248327023003E-003,0.0000000000000000)        (2.90228868128437250E-003,-0.0000000000000000)
         (8.14546007450837890E-020,0.0000000000000000)        (4.10445601499428644E-003,-0.0000000000000000)        (-4.88048279989523794E-003,0.0000000000000000)
        (-4.50919458102530969E-003,0.0000000000000000)         (3.45102248327023263E-003,0.0000000000000000)        (2.90228868128437510E-003,-0.0000000000000000)
          27
        (4.50919458102531055E-003,-0.0000000000000000)         (2.58168422053647755E-019,0.0000000000000000)         (4.50919458102531055E-003,0.0000000000000000)
         (1.96286477170400986E-018,0.0000000000000000)         (6.37696413186526062E-003,0.0000000000000000)        (-2.32797005554874022E-018,0.0000000000000000)
        (-4.50919458102531055E-003,0.0000000000000000)         (3.03407840330182775E-018,0.0000000000000000)         (4.50919458102531055E-003,0.0000000000000000)
          28
        (6.37696413186525889E-003,-0.0000000000000000)               (0.0000000000000000,0.0000000000000000)        (-1.41597048128111705E-018,0.0000000000000000)
               (0.0000000000000000,0.0000000000000000)               (0.0000000000000000,0.0000000000000000)        (6.37696413186525889E-003,-0.0000000000000000)
               (0.0000000000000000,0.0000000000000000)         (6.37696413186526062E-003,0.0000000000000000)               (0.0000000000000000,0.0000000000000000)
          29
         (4.50919458102531055E-003,0.0000000000000000)         (4.49902507117128179E-003,0.0000000000000000)        (3.02670081970936116E-004,-0.0000000000000000)
         (7.32671855344107783E-019,0.0000000000000000)        (4.28040134847871775E-004,-0.0000000000000000)        (-6.36258227310700433E-003,0.0000000000000000)
        (-4.50919458102531315E-003,0.0000000000000000)         (4.49902507117127919E-003,0.0000000000000000)        (3.02670081970933622E-004,-0.0000000000000000)
          30
         (4.50919458102531315E-003,0.0000000000000000)         (4.50919458102530795E-003,0.0000000000000000)         (7.07985240640558524E-019,0.0000000000000000)
         (1.00124232927385774E-018,0.0000000000000000)         (1.00124232927385658E-018,0.0000000000000000)        (-6.37696413186526062E-003,0.0000000000000000)
        (-4.50919458102530795E-003,0.0000000000000000)         (4.50919458102531315E-003,0.0000000000000000)               (0.0000000000000000,0.0000000000000000)
          31
        (-6.37696413186526062E-003,0.0000000000000000)               (0.0000000000000000,0.0000000000000000)         (1.06197786096083779E-018,0.0000000000000000)
        (-3.53992620320279262E-019,0.0000000000000000)               (0.0000000000000000,0.0000000000000000)        (-6.37696413186526149E-003,0.0000000000000000)
               (0.0000000000000000,0.0000000000000000)         (6.37696413186526062E-003,0.0000000000000000)               (0.0000000000000000,0.0000000000000000)
          32
        (-5.72355047859139567E-003,0.0000000000000000)               (0.0000000000000000,0.0000000000000000)         (2.81187507868188493E-003,0.0000000000000000)
        (-2.81187507868188536E-003,0.0000000000000000)               (0.0000000000000000,0.0000000000000000)        (-5.72355047859139654E-003,0.0000000000000000)
               (0.0000000000000000,0.0000000000000000)         (6.37696413186526062E-003,0.0000000000000000)               (0.0000000000000000,0.0000000000000000)
          33
         (5.40950463629237197E-003,0.0000000000000000)         (7.83789046690910808E-004,0.0000000000000000)         (3.28460132425759154E-003,0.0000000000000000)
         (2.89276596179765047E-003,0.0000000000000000)         (2.12437703291622508E-003,0.0000000000000000)        (-5.27110983108671632E-003,0.0000000000000000)
        (-1.74207813237302355E-003,0.0000000000000000)         (5.96140658665398043E-003,0.0000000000000000)         (1.44653614832202155E-003,0.0000000000000000)
          34
         (5.29434904005452161E-003,0.0000000000000000)         (4.41475176440386374E-004,0.0000000000000000)         (3.52712906621756046E-003,0.0000000000000000)
         (2.77172541238580004E-003,0.0000000000000000)         (3.44896332703978434E-003,0.0000000000000000)        (-4.59215219109357278E-003,0.0000000000000000)
        (-2.22555117207054974E-003,0.0000000000000000)         (5.34559848627051866E-003,0.0000000000000000)         (2.67154830448071987E-003,0.0000000000000000)
          35
         (5.26208442364597961E-003,0.0000000000000000)        (-9.07624633448137812E-018,0.0000000000000000)         (3.60224083835581537E-003,0.0000000000000000)
         (2.54716892426851702E-003,0.0000000000000000)         (4.50919458102530795E-003,0.0000000000000000)        (-3.72085557913617773E-003,0.0000000000000000)
        (-2.54716892426850314E-003,0.0000000000000000)         (4.50919458102531315E-003,0.0000000000000000)         (3.72085557913617989E-003,0.0000000000000000)
          36
        (6.07408828701526404E-003,-0.0000000000000000)               (0.0000000000000000,0.0000000000000000)        (-1.94193795488939902E-003,0.0000000000000000)
         (1.94193795488940032E-003,0.0000000000000000)               (0.0000000000000000,0.0000000000000000)        (6.07408828701526404E-003,-0.0000000000000000)
               (0.0000000000000000,0.0000000000000000)         (6.37696413186526062E-003,0.0000000000000000)               (0.0000000000000000,0.0000000000000000)
          37
        (-5.46645021748094762E-003,0.0000000000000000)         (2.14120205832759626E-003,0.0000000000000000)         (2.48974844197405063E-003,0.0000000000000000)
        (-1.77568059653438262E-003,0.0000000000000000)         (2.13972433039265981E-003,0.0000000000000000)        (-5.73883348321878491E-003,0.0000000000000000)
        (2.76234537630431912E-003,-0.0000000000000000)         (5.61270924549235779E-003,0.0000000000000000)         (1.23798808018123056E-003,0.0000000000000000)
          38
         (5.21913270824253712E-003,0.0000000000000000)         (1.90464443521072601E-003,0.0000000000000000)         (3.13028032103672242E-003,0.0000000000000000)
         (1.35681719110559615E-003,0.0000000000000000)         (4.05595750369547314E-003,0.0000000000000000)        (-4.73010860099773705E-003,0.0000000000000000)
        (-3.40372919351250320E-003,0.0000000000000000)         (4.53731306421909127E-003,0.0000000000000000)         (2.91429052662796817E-003,0.0000000000000000)
          39
        (-5.17960503659281504E-003,0.0000000000000000)         (6.76358098375036583E-004,0.0000000000000000)         (3.65785496251025454E-003,0.0000000000000000)
        (-8.22696950680259164E-004,0.0000000000000000)         (5.90709979001486848E-003,0.0000000000000000)        (-2.25721362242117807E-003,0.0000000000000000)
         (3.62774488233941249E-003,0.0000000000000000)         (2.30529463033791841E-003,0.0000000000000000)         (4.71070645180650394E-003,0.0000000000000000)
          40
         (5.27310747393325025E-003,0.0000000000000000)               (0.0000000000000000,0.0000000000000000)         (3.58608548523948849E-003,0.0000000000000000)
               (0.0000000000000000,0.0000000000000000)        (-6.37696413186526062E-003,0.0000000000000000)               (0.0000000000000000,0.0000000000000000)
        (-3.58608548523948849E-003,0.0000000000000000)               (0.0000000000000000,0.0000000000000000)         (5.27310747393325025E-003,0.0000000000000000)
          41
        (-6.27751863186171589E-003,0.0000000000000000)               (0.0000000000000000,0.0000000000000000)         (1.12179827318687657E-003,0.0000000000000000)
        (-1.12179827318687657E-003,0.0000000000000000)               (0.0000000000000000,0.0000000000000000)        (-6.27751863186171589E-003,0.0000000000000000)
               (0.0000000000000000,0.0000000000000000)         (6.37696413186526062E-003,0.0000000000000000)               (0.0000000000000000,0.0000000000000000)
          42
         (5.23062236879975190E-003,0.0000000000000000)         (3.45830191944470093E-003,0.0000000000000000)        (1.16034865797863540E-003,-0.0000000000000000)
         (5.94552203085667460E-004,0.0000000000000000)        (1.19311325574615081E-003,-0.0000000000000000)        (-6.23607729072249862E-003,0.0000000000000000)
        (-3.59899553374461688E-003,0.0000000000000000)         (5.22324612975723877E-003,0.0000000000000000)        (6.56203135590177709E-004,-0.0000000000000000)
          43
        (-5.09428844368921708E-003,0.0000000000000000)         (3.83586975685965264E-003,0.0000000000000000)         (2.05386091181908476E-017,0.0000000000000000)
        (-1.82652634298007567E-018,0.0000000000000000)         (3.17187833101962258E-017,0.0000000000000000)        (-6.37696413186526062E-003,0.0000000000000000)
        (3.83586975685965264E-003,-0.0000000000000000)         (5.09428844368921708E-003,0.0000000000000000)         (2.42401103267074857E-017,0.0000000000000000)
          44
        (6.37696413186526149E-003,-0.0000000000000000)               (0.0000000000000000,0.0000000000000000)         (3.60629981951284481E-018,0.0000000000000000)
        (-1.48234409759116924E-018,0.0000000000000000)               (0.0000000000000000,0.0000000000000000)        (6.37696413186526149E-003,-0.0000000000000000)
               (0.0000000000000000,0.0000000000000000)         (6.37696413186526062E-003,0.0000000000000000)               (0.0000000000000000,0.0000000000000000)
          45
        (-5.83984127793356865E-003,0.0000000000000000)         (1.84323735145813185E-018,0.0000000000000000)         (2.56162553618581720E-003,0.0000000000000000)
        (-2.56162553618581720E-003,0.0000000000000000)         (2.64038085329458013E-018,0.0000000000000000)        (-5.83984127793356865E-003,0.0000000000000000)
        (2.74862461614673296E-018,-0.0000000000000000)         (6.37696413186526062E-003,0.0000000000000000)         (1.67755706423573733E-018,0.0000000000000000)
          46
        (-5.76870458193723661E-003,0.0000000000000000)        (-1.80314990975642241E-018,0.0000000000000000)        (-2.71803586904815911E-003,0.0000000000000000)
        (-1.92194159451222193E-003,0.0000000000000000)         (4.50919458102531402E-003,0.0000000000000000)         (4.07909012854972171E-003,0.0000000000000000)
         (1.92194159451222540E-003,0.0000000000000000)        (4.50919458102530275E-003,-0.0000000000000000)        (-4.07909012854973385E-003,0.0000000000000000)
          47
        (6.37696413186525889E-003,-0.0000000000000000)               (0.0000000000000000,0.0000000000000000)        (-4.24791144384335115E-018,0.0000000000000000)
         (2.83194096256223410E-018,0.0000000000000000)               (0.0000000000000000,0.0000000000000000)        (6.37696413186525889E-003,-0.0000000000000000)
               (0.0000000000000000,0.0000000000000000)         (6.37696413186526062E-003,0.0000000000000000)               (0.0000000000000000,0.0000000000000000)
