 &plot nbnd=   3, nks=  21 /
            0.000000  0.000000  0.000000
   -0.0000    0.0000    0.0000
            0.125000  0.000000  0.000000
    0.4361    0.4361    1.6152
            0.250000  0.000000  0.000000
    1.6729    1.6729    6.2023
            0.375000  0.000000  0.000000
    3.5103    3.5103   13.0323
            0.500000  0.000000  0.000000
    5.6565    5.6565   21.0348
            0.750000  0.000000  0.000000
    9.5622    9.5622   35.6675
            1.000000  0.000000  0.000000
   11.1571   11.1571   41.6700
            0.825000  0.125000  0.125000
    8.9595   12.6398   36.8551
            0.750000  0.250000  0.250000
    5.2072   13.0347   34.2939
            0.625000  0.375000  0.375000
    1.6830    4.7064   38.7381
            0.500000  0.500000  0.500000
    0.3890    0.3890   41.4476
            0.325000  0.325000  0.325000
    0.8342    0.8342   30.3850
            0.250000  0.250000  0.250000
    0.8890    0.8890   21.0422
            0.125000  0.125000  0.125000
    0.4042    0.4042    6.2290
            0.000000  0.000000  0.000000
   -0.0000    0.0000    0.0000
            0.125000  0.125000  0.000000
    0.8832    0.0320    3.9160
            0.250000  0.250000  0.000000
    0.0201    3.5386   13.4985
            0.325000  0.325000  0.000000
   -0.0211    6.0173   19.8457
            0.500000  0.500000  0.000000
    0.5684   14.6343   28.9439
            0.625000  0.625000  0.000000
    2.6135   23.0198   27.4888
            0.750000  0.750000  0.000000
    6.1269   21.0239   31.9306
