    10    10    10
     1
     2
 -0.83775804095727813      -0.83775804095727813       0.83775804095727813     
  0.83775804095727813       0.83775804095727813       0.83775804095727813     
 -0.83775804095727813       0.83775804095727813      -0.83775804095727813     
  0.939338028    
  0.688928187    
  0.390729159    
  0.115071483    
 -0.131070673    
 -0.336527109    
 -0.131070673    
  0.115071483    
  0.390729159    
  0.688928187    
  0.688928187    
  0.777286053    
  0.499753147    
  0.218799055    
  -3.61551940E-02
 -0.259367615    
 -0.188801587    
   4.51548211E-02
  0.307547003    
  0.567171156    
  0.390729159    
  0.499753147    
  0.616662025    
  0.352314681    
   9.34663936E-02
 -0.138048992    
 -0.208585933    
   8.57317634E-03
  0.219215780    
  0.307547003    
  0.115071483    
  0.218799055    
  0.352314681    
  0.432275504    
  0.246368155    
   1.61939654E-02
 -0.180358887    
  -2.88231373E-02
   8.57317634E-03
   4.51548211E-02
 -0.131070673    
  -3.61551940E-02
   9.34663936E-02
  0.246368155    
  0.109533720    
  -2.04918794E-02
  -8.09760541E-02
 -0.180358887    
 -0.208585933    
 -0.188801587    
 -0.336527109    
 -0.259367615    
 -0.138048992    
   1.61939654E-02
  -2.04918794E-02
 -0.128893644    
  -2.04918794E-02
   1.61939654E-02
 -0.138048992    
 -0.259367615    
 -0.131070673    
 -0.188801587    
 -0.208585933    
 -0.180358887    
  -8.09760541E-02
  -2.04918794E-02
  0.109533720    
  0.246368155    
   9.34663936E-02
  -3.61551940E-02
  0.115071483    
   4.51548211E-02
   8.57317634E-03
  -2.88231373E-02
 -0.180358887    
   1.61939654E-02
  0.246368155    
  0.432275504    
  0.352314681    
  0.218799055    
  0.390729159    
  0.307547003    
  0.219215780    
   8.57317634E-03
 -0.208585933    
 -0.138048992    
   9.34663936E-02
  0.352314681    
  0.616662025    
  0.499753147    
  0.688928187    
  0.567171156    
  0.307547003    
   4.51548211E-02
 -0.188801587    
 -0.259367615    
  -3.61551940E-02
  0.218799055    
  0.499753147    
  0.777286053    
  0.688928187    
  0.777286053    
  0.499753147    
  0.218799055    
  -3.61551940E-02
 -0.259367615    
 -0.188801587    
   4.51548211E-02
  0.307547003    
  0.567171156    
  0.777286053    
  0.688928187    
  0.567171156    
  0.307547003    
   4.51548211E-02
 -0.188801587    
 -0.259367615    
  -3.61551940E-02
  0.218799055    
  0.499753147    
  0.499753147    
  0.567171156    
  0.499753147    
  0.393539518    
  0.158503398    
  -8.14988539E-02
 -0.282381773    
  -8.14988539E-02
  0.158503398    
  0.393539518    
  0.218799055    
  0.307547003    
  0.393539518    
  0.352314681    
  0.268883556    
   5.77391684E-02
 -0.157546386    
  -9.23017487E-02
   9.48569328E-02
  0.158503398    
  -3.61551940E-02
   4.51548211E-02
  0.158503398    
  0.268883556    
  0.246368155    
  0.132034048    
  -2.16763583E-03
 -0.102852151    
  -9.23017487E-02
  -8.14988539E-02
 -0.259367615    
 -0.188801587    
  -8.14988539E-02
   5.77391684E-02
  0.132034048    
  -2.04918794E-02
 -0.102295145    
  -2.16763583E-03
 -0.157546386    
 -0.282381773    
 -0.188801587    
 -0.259367615    
 -0.282381773    
 -0.157546386    
  -2.16763583E-03
 -0.102295145    
  -2.04918794E-02
  0.132034048    
   5.77391684E-02
  -8.14988539E-02
   4.51548211E-02
  -3.61551940E-02
  -8.14988539E-02
  -9.23017487E-02
 -0.102852151    
  -2.16763583E-03
  0.132034048    
  0.246368155    
  0.268883556    
  0.158503398    
  0.307547003    
  0.218799055    
  0.158503398    
   9.48569328E-02
  -9.23017487E-02
 -0.157546386    
   5.77391684E-02
  0.268883556    
  0.352314681    
  0.393539518    
  0.567171156    
  0.499753147    
  0.393539518    
  0.158503398    
  -8.14988539E-02
 -0.282381773    
  -8.14988539E-02
  0.158503398    
  0.393539518    
  0.499753147    
  0.390729159    
  0.499753147    
  0.616662025    
  0.352314681    
   9.34663936E-02
 -0.138048992    
 -0.208585933    
   8.57317634E-03
  0.219215780    
  0.307547003    
  0.499753147    
  0.567171156    
  0.499753147    
  0.393539518    
  0.158503398    
  -8.14988539E-02
 -0.282381773    
  -8.14988539E-02
  0.158503398    
  0.393539518    
  0.616662025    
  0.499753147    
  0.390729159    
  0.307547003    
  0.219215780    
   8.57317634E-03
 -0.208585933    
 -0.138048992    
   9.34663936E-02
  0.352314681    
  0.352314681    
  0.393539518    
  0.307547003    
  0.218799055    
  0.158503398    
   9.48569328E-02
  -9.23017487E-02
 -0.157546386    
   5.77391684E-02
  0.268883556    
   9.34663936E-02
  0.158503398    
  0.219215780    
  0.158503398    
   9.34663936E-02
   5.77391684E-02
   2.03963593E-02
 -0.133014128    
   2.03963593E-02
   5.77391684E-02
 -0.138048992    
  -8.14988539E-02
   8.57317634E-03
   9.48569328E-02
   5.77391684E-02
   1.61939654E-02
  -2.16763583E-03
  -2.98643708E-02
 -0.133014128    
 -0.157546386    
 -0.208585933    
 -0.282381773    
 -0.208585933    
  -9.23017487E-02
   2.03963593E-02
  -2.16763583E-03
  -8.09760541E-02
  -2.16763583E-03
   2.03963593E-02
  -9.23017487E-02
   8.57317634E-03
  -8.14988539E-02
 -0.138048992    
 -0.157546386    
 -0.133014128    
  -2.98643708E-02
  -2.16763583E-03
   1.61939654E-02
   5.77391684E-02
   9.48569328E-02
  0.219215780    
  0.158503398    
   9.34663936E-02
   5.77391684E-02
   2.03963593E-02
 -0.133014128    
   2.03963593E-02
   5.77391684E-02
   9.34663936E-02
  0.158503398    
  0.307547003    
  0.393539518    
  0.352314681    
  0.268883556    
   5.77391684E-02
 -0.157546386    
  -9.23017487E-02
   9.48569328E-02
  0.158503398    
  0.218799055    
  0.115071483    
  0.218799055    
  0.352314681    
  0.432275504    
  0.246368155    
   1.61939654E-02
 -0.180358887    
  -2.88231373E-02
   8.57317634E-03
   4.51548211E-02
  0.218799055    
  0.307547003    
  0.393539518    
  0.352314681    
  0.268883556    
   5.77391684E-02
 -0.157546386    
  -9.23017487E-02
   9.48569328E-02
  0.158503398    
  0.352314681    
  0.393539518    
  0.307547003    
  0.218799055    
  0.158503398    
   9.48569328E-02
  -9.23017487E-02
 -0.157546386    
   5.77391684E-02
  0.268883556    
  0.432275504    
  0.352314681    
  0.218799055    
  0.115071483    
   4.51548211E-02
   8.57317634E-03
  -2.88231373E-02
 -0.180358887    
   1.61939654E-02
  0.246368155    
  0.246368155    
  0.268883556    
  0.158503398    
   4.51548211E-02
  -3.61551940E-02
  -8.14988539E-02
  -9.23017487E-02
 -0.102852151    
  -2.16763583E-03
  0.132034048    
   1.61939654E-02
   5.77391684E-02
   9.48569328E-02
   8.57317634E-03
  -8.14988539E-02
 -0.138048992    
 -0.157546386    
 -0.133014128    
  -2.98643708E-02
  -2.16763583E-03
 -0.180358887    
 -0.157546386    
  -9.23017487E-02
  -2.88231373E-02
  -9.23017487E-02
 -0.157546386    
 -0.180358887    
 -0.102852151    
 -0.133014128    
 -0.102852151    
  -2.88231373E-02
  -9.23017487E-02
 -0.157546386    
 -0.180358887    
 -0.102852151    
 -0.133014128    
 -0.102852151    
 -0.180358887    
 -0.157546386    
  -9.23017487E-02
   8.57317634E-03
   9.48569328E-02
   5.77391684E-02
   1.61939654E-02
  -2.16763583E-03
  -2.98643708E-02
 -0.133014128    
 -0.157546386    
 -0.138048992    
  -8.14988539E-02
   4.51548211E-02
  0.158503398    
  0.268883556    
  0.246368155    
  0.132034048    
  -2.16763583E-03
 -0.102852151    
  -9.23017487E-02
  -8.14988539E-02
  -3.61551940E-02
 -0.131070673    
  -3.61551940E-02
   9.34663936E-02
  0.246368155    
  0.109533720    
  -2.04918794E-02
  -8.09760541E-02
 -0.180358887    
 -0.208585933    
 -0.188801587    
  -3.61551940E-02
   4.51548211E-02
  0.158503398    
  0.268883556    
  0.246368155    
  0.132034048    
  -2.16763583E-03
 -0.102852151    
  -9.23017487E-02
  -8.14988539E-02
   9.34663936E-02
  0.158503398    
  0.219215780    
  0.158503398    
   9.34663936E-02
   5.77391684E-02
   2.03963593E-02
 -0.133014128    
   2.03963593E-02
   5.77391684E-02
  0.246368155    
  0.268883556    
  0.158503398    
   4.51548211E-02
  -3.61551940E-02
  -8.14988539E-02
  -9.23017487E-02
 -0.102852151    
  -2.16763583E-03
  0.132034048    
  0.109533720    
  0.246368155    
   9.34663936E-02
  -3.61551940E-02
 -0.131070673    
 -0.188801587    
 -0.208585933    
 -0.180358887    
  -8.09760541E-02
  -2.04918794E-02
  -2.04918794E-02
  0.132034048    
   5.77391684E-02
  -8.14988539E-02
 -0.188801587    
 -0.259367615    
 -0.282381773    
 -0.157546386    
  -2.16763583E-03
 -0.102295145    
  -8.09760541E-02
  -2.16763583E-03
   2.03963593E-02
  -9.23017487E-02
 -0.208585933    
 -0.282381773    
 -0.208585933    
  -9.23017487E-02
   2.03963593E-02
  -2.16763583E-03
 -0.180358887    
 -0.102852151    
 -0.133014128    
 -0.102852151    
 -0.180358887    
 -0.157546386    
  -9.23017487E-02
  -2.88231373E-02
  -9.23017487E-02
 -0.157546386    
 -0.208585933    
  -9.23017487E-02
   2.03963593E-02
  -2.16763583E-03
  -8.09760541E-02
  -2.16763583E-03
   2.03963593E-02
  -9.23017487E-02
 -0.208585933    
 -0.282381773    
 -0.188801587    
  -8.14988539E-02
   5.77391684E-02
  0.132034048    
  -2.04918794E-02
 -0.102295145    
  -2.16763583E-03
 -0.157546386    
 -0.282381773    
 -0.259367615    
 -0.336527109    
 -0.259367615    
 -0.138048992    
   1.61939654E-02
  -2.04918794E-02
 -0.128893644    
  -2.04918794E-02
   1.61939654E-02
 -0.138048992    
 -0.259367615    
 -0.259367615    
 -0.188801587    
  -8.14988539E-02
   5.77391684E-02
  0.132034048    
  -2.04918794E-02
 -0.102295145    
  -2.16763583E-03
 -0.157546386    
 -0.282381773    
 -0.138048992    
  -8.14988539E-02
   8.57317634E-03
   9.48569328E-02
   5.77391684E-02
   1.61939654E-02
  -2.16763583E-03
  -2.98643708E-02
 -0.133014128    
 -0.157546386    
   1.61939654E-02
   5.77391684E-02
   9.48569328E-02
   8.57317634E-03
  -8.14988539E-02
 -0.138048992    
 -0.157546386    
 -0.133014128    
  -2.98643708E-02
  -2.16763583E-03
  -2.04918794E-02
  0.132034048    
   5.77391684E-02
  -8.14988539E-02
 -0.188801587    
 -0.259367615    
 -0.282381773    
 -0.157546386    
  -2.16763583E-03
 -0.102295145    
 -0.128893644    
  -2.04918794E-02
   1.61939654E-02
 -0.138048992    
 -0.259367615    
 -0.336527109    
 -0.259367615    
 -0.138048992    
   1.61939654E-02
  -2.04918794E-02
  -2.04918794E-02
 -0.102295145    
  -2.16763583E-03
 -0.157546386    
 -0.282381773    
 -0.259367615    
 -0.188801587    
  -8.14988539E-02
   5.77391684E-02
  0.132034048    
   1.61939654E-02
  -2.16763583E-03
  -2.98643708E-02
 -0.133014128    
 -0.157546386    
 -0.138048992    
  -8.14988539E-02
   8.57317634E-03
   9.48569328E-02
   5.77391684E-02
 -0.138048992    
 -0.157546386    
 -0.133014128    
  -2.98643708E-02
  -2.16763583E-03
   1.61939654E-02
   5.77391684E-02
   9.48569328E-02
   8.57317634E-03
  -8.14988539E-02
 -0.259367615    
 -0.282381773    
 -0.157546386    
  -2.16763583E-03
 -0.102295145    
  -2.04918794E-02
  0.132034048    
   5.77391684E-02
  -8.14988539E-02
 -0.188801587    
 -0.131070673    
 -0.188801587    
 -0.208585933    
 -0.180358887    
  -8.09760541E-02
  -2.04918794E-02
  0.109533720    
  0.246368155    
   9.34663936E-02
  -3.61551940E-02
 -0.188801587    
 -0.259367615    
 -0.282381773    
 -0.157546386    
  -2.16763583E-03
 -0.102295145    
  -2.04918794E-02
  0.132034048    
   5.77391684E-02
  -8.14988539E-02
 -0.208585933    
 -0.282381773    
 -0.208585933    
  -9.23017487E-02
   2.03963593E-02
  -2.16763583E-03
  -8.09760541E-02
  -2.16763583E-03
   2.03963593E-02
  -9.23017487E-02
 -0.180358887    
 -0.157546386    
  -9.23017487E-02
  -2.88231373E-02
  -9.23017487E-02
 -0.157546386    
 -0.180358887    
 -0.102852151    
 -0.133014128    
 -0.102852151    
  -8.09760541E-02
  -2.16763583E-03
   2.03963593E-02
  -9.23017487E-02
 -0.208585933    
 -0.282381773    
 -0.208585933    
  -9.23017487E-02
   2.03963593E-02
  -2.16763583E-03
  -2.04918794E-02
 -0.102295145    
  -2.16763583E-03
 -0.157546386    
 -0.282381773    
 -0.259367615    
 -0.188801587    
  -8.14988539E-02
   5.77391684E-02
  0.132034048    
  0.109533720    
  -2.04918794E-02
  -8.09760541E-02
 -0.180358887    
 -0.208585933    
 -0.188801587    
 -0.131070673    
  -3.61551940E-02
   9.34663936E-02
  0.246368155    
  0.246368155    
  0.132034048    
  -2.16763583E-03
 -0.102852151    
  -9.23017487E-02
  -8.14988539E-02
  -3.61551940E-02
   4.51548211E-02
  0.158503398    
  0.268883556    
   9.34663936E-02
   5.77391684E-02
   2.03963593E-02
 -0.133014128    
   2.03963593E-02
   5.77391684E-02
   9.34663936E-02
  0.158503398    
  0.219215780    
  0.158503398    
  -3.61551940E-02
  -8.14988539E-02
  -9.23017487E-02
 -0.102852151    
  -2.16763583E-03
  0.132034048    
  0.246368155    
  0.268883556    
  0.158503398    
   4.51548211E-02
  0.115071483    
   4.51548211E-02
   8.57317634E-03
  -2.88231373E-02
 -0.180358887    
   1.61939654E-02
  0.246368155    
  0.432275504    
  0.352314681    
  0.218799055    
   4.51548211E-02
  -3.61551940E-02
  -8.14988539E-02
  -9.23017487E-02
 -0.102852151    
  -2.16763583E-03
  0.132034048    
  0.246368155    
  0.268883556    
  0.158503398    
   8.57317634E-03
  -8.14988539E-02
 -0.138048992    
 -0.157546386    
 -0.133014128    
  -2.98643708E-02
  -2.16763583E-03
   1.61939654E-02
   5.77391684E-02
   9.48569328E-02
  -2.88231373E-02
  -9.23017487E-02
 -0.157546386    
 -0.180358887    
 -0.102852151    
 -0.133014128    
 -0.102852151    
 -0.180358887    
 -0.157546386    
  -9.23017487E-02
 -0.180358887    
 -0.102852151    
 -0.133014128    
 -0.102852151    
 -0.180358887    
 -0.157546386    
  -9.23017487E-02
  -2.88231373E-02
  -9.23017487E-02
 -0.157546386    
   1.61939654E-02
  -2.16763583E-03
  -2.98643708E-02
 -0.133014128    
 -0.157546386    
 -0.138048992    
  -8.14988539E-02
   8.57317634E-03
   9.48569328E-02
   5.77391684E-02
  0.246368155    
  0.132034048    
  -2.16763583E-03
 -0.102852151    
  -9.23017487E-02
  -8.14988539E-02
  -3.61551940E-02
   4.51548211E-02
  0.158503398    
  0.268883556    
  0.432275504    
  0.246368155    
   1.61939654E-02
 -0.180358887    
  -2.88231373E-02
   8.57317634E-03
   4.51548211E-02
  0.115071483    
  0.218799055    
  0.352314681    
  0.352314681    
  0.268883556    
   5.77391684E-02
 -0.157546386    
  -9.23017487E-02
   9.48569328E-02
  0.158503398    
  0.218799055    
  0.307547003    
  0.393539518    
  0.218799055    
  0.158503398    
   9.48569328E-02
  -9.23017487E-02
 -0.157546386    
   5.77391684E-02
  0.268883556    
  0.352314681    
  0.393539518    
  0.307547003    
  0.390729159    
  0.307547003    
  0.219215780    
   8.57317634E-03
 -0.208585933    
 -0.138048992    
   9.34663936E-02
  0.352314681    
  0.616662025    
  0.499753147    
  0.307547003    
  0.218799055    
  0.158503398    
   9.48569328E-02
  -9.23017487E-02
 -0.157546386    
   5.77391684E-02
  0.268883556    
  0.352314681    
  0.393539518    
  0.219215780    
  0.158503398    
   9.34663936E-02
   5.77391684E-02
   2.03963593E-02
 -0.133014128    
   2.03963593E-02
   5.77391684E-02
   9.34663936E-02
  0.158503398    
   8.57317634E-03
   9.48569328E-02
   5.77391684E-02
   1.61939654E-02
  -2.16763583E-03
  -2.98643708E-02
 -0.133014128    
 -0.157546386    
 -0.138048992    
  -8.14988539E-02
 -0.208585933    
  -9.23017487E-02
   2.03963593E-02
  -2.16763583E-03
  -8.09760541E-02
  -2.16763583E-03
   2.03963593E-02
  -9.23017487E-02
 -0.208585933    
 -0.282381773    
 -0.138048992    
 -0.157546386    
 -0.133014128    
  -2.98643708E-02
  -2.16763583E-03
   1.61939654E-02
   5.77391684E-02
   9.48569328E-02
   8.57317634E-03
  -8.14988539E-02
   9.34663936E-02
   5.77391684E-02
   2.03963593E-02
 -0.133014128    
   2.03963593E-02
   5.77391684E-02
   9.34663936E-02
  0.158503398    
  0.219215780    
  0.158503398    
  0.352314681    
  0.268883556    
   5.77391684E-02
 -0.157546386    
  -9.23017487E-02
   9.48569328E-02
  0.158503398    
  0.218799055    
  0.307547003    
  0.393539518    
  0.616662025    
  0.352314681    
   9.34663936E-02
 -0.138048992    
 -0.208585933    
   8.57317634E-03
  0.219215780    
  0.307547003    
  0.390729159    
  0.499753147    
  0.499753147    
  0.393539518    
  0.158503398    
  -8.14988539E-02
 -0.282381773    
  -8.14988539E-02
  0.158503398    
  0.393539518    
  0.499753147    
  0.567171156    
  0.688928187    
  0.567171156    
  0.307547003    
   4.51548211E-02
 -0.188801587    
 -0.259367615    
  -3.61551940E-02
  0.218799055    
  0.499753147    
  0.777286053    
  0.567171156    
  0.499753147    
  0.393539518    
  0.158503398    
  -8.14988539E-02
 -0.282381773    
  -8.14988539E-02
  0.158503398    
  0.393539518    
  0.499753147    
  0.307547003    
  0.393539518    
  0.352314681    
  0.268883556    
   5.77391684E-02
 -0.157546386    
  -9.23017487E-02
   9.48569328E-02
  0.158503398    
  0.218799055    
   4.51548211E-02
  0.158503398    
  0.268883556    
  0.246368155    
  0.132034048    
  -2.16763583E-03
 -0.102852151    
  -9.23017487E-02
  -8.14988539E-02
  -3.61551940E-02
 -0.188801587    
  -8.14988539E-02
   5.77391684E-02
  0.132034048    
  -2.04918794E-02
 -0.102295145    
  -2.16763583E-03
 -0.157546386    
 -0.282381773    
 -0.259367615    
 -0.259367615    
 -0.282381773    
 -0.157546386    
  -2.16763583E-03
 -0.102295145    
  -2.04918794E-02
  0.132034048    
   5.77391684E-02
  -8.14988539E-02
 -0.188801587    
  -3.61551940E-02
  -8.14988539E-02
  -9.23017487E-02
 -0.102852151    
  -2.16763583E-03
  0.132034048    
  0.246368155    
  0.268883556    
  0.158503398    
   4.51548211E-02
  0.218799055    
  0.158503398    
   9.48569328E-02
  -9.23017487E-02
 -0.157546386    
   5.77391684E-02
  0.268883556    
  0.352314681    
  0.393539518    
  0.307547003    
  0.499753147    
  0.393539518    
  0.158503398    
  -8.14988539E-02
 -0.282381773    
  -8.14988539E-02
  0.158503398    
  0.393539518    
  0.499753147    
  0.567171156    
  0.777286053    
  0.499753147    
  0.218799055    
  -3.61551940E-02
 -0.259367615    
 -0.188801587    
   4.51548211E-02
  0.307547003    
  0.567171156    
  0.688928187    
  0.939338088    
  0.882396460    
  0.825412929    
  0.799480855    
  0.806581080    
  0.845273256    
  0.806581080    
  0.799480855    
  0.825412929    
  0.882396460    
  0.882396460    
  0.777286053    
  0.704686821    
  0.665947080    
  0.661148906    
  0.624207735    
  0.570573330    
  0.553032994    
  0.572976291    
  0.654269516    
  0.825412929    
  0.704686821    
  0.619698465    
  0.568756938    
  0.482169300    
  0.379364341    
  0.313431680    
  0.288439840    
  0.338916630    
  0.572976291    
  0.799480855    
  0.665947080    
  0.568756938    
  0.482308388    
  0.284933865    
  0.164379850    
   8.72916281E-02
   8.86570588E-02
  0.288439840    
  0.553032994    
  0.806581080    
  0.661148906    
  0.482169300    
  0.284933865    
  0.400693208    
  0.204619601    
   1.90996332E-03
   8.72916281E-02
  0.313431680    
  0.570573330    
  0.845273256    
  0.624207735    
  0.379364341    
  0.164379850    
  0.204619601    
  0.373154700    
  0.204619601    
  0.164379850    
  0.379364341    
  0.624207735    
  0.806581080    
  0.570573330    
  0.313431680    
   8.72916281E-02
   1.90996332E-03
  0.204619601    
  0.400693208    
  0.284933865    
  0.482169300    
  0.661148906    
  0.799480855    
  0.553032994    
  0.288439840    
   8.86570588E-02
   8.72916281E-02
  0.164379850    
  0.284933865    
  0.482308388    
  0.568756938    
  0.665947080    
  0.825412929    
  0.572976291    
  0.338916630    
  0.288439840    
  0.313431680    
  0.379364341    
  0.482169300    
  0.568756938    
  0.619698465    
  0.704686821    
  0.882396460    
  0.654269516    
  0.572976291    
  0.553032994    
  0.570573330    
  0.624207735    
  0.661148906    
  0.665947080    
  0.704686821    
  0.777286053    
  0.882396460    
  0.777286053    
  0.704686821    
  0.665947080    
  0.661148906    
  0.624207735    
  0.570573330    
  0.553032994    
  0.572976291    
  0.654269516    
  0.777286053    
  0.882396460    
  0.654269516    
  0.572976291    
  0.553032994    
  0.570573330    
  0.624207735    
  0.661148906    
  0.665947080    
  0.704686821    
  0.704686821    
  0.654269516    
  0.704686821    
  0.498267084    
  0.432028830    
  0.432545573    
  0.457229555    
  0.432545573    
  0.432028830    
  0.498267084    
  0.665947080    
  0.572976291    
  0.498267084    
  0.568756938    
  0.373994261    
  0.308210641    
  0.235440403    
  0.187202320    
  0.214678586    
  0.432028830    
  0.661148906    
  0.553032994    
  0.432028830    
  0.373994261    
  0.284933865    
  0.194043547    
   4.28326242E-02
   1.02495467E-02
  0.187202320    
  0.432545573    
  0.624207735    
  0.570573330    
  0.432545573    
  0.308210641    
  0.194043547    
  0.204619601    
  0.169020951    
   4.28326242E-02
  0.235440403    
  0.457229555    
  0.570573330    
  0.624207735    
  0.457229555    
  0.235440403    
   4.28326242E-02
  0.169020951    
  0.204619601    
  0.194043547    
  0.308210641    
  0.432545573    
  0.553032994    
  0.661148906    
  0.432545573    
  0.187202320    
   1.02495467E-02
   4.28326242E-02
  0.194043547    
  0.284933865    
  0.373994261    
  0.432028830    
  0.572976291    
  0.665947080    
  0.432028830    
  0.214678586    
  0.187202320    
  0.235440403    
  0.308210641    
  0.373994261    
  0.568756938    
  0.498267084    
  0.654269516    
  0.704686821    
  0.498267084    
  0.432028830    
  0.432545573    
  0.457229555    
  0.432545573    
  0.432028830    
  0.498267084    
  0.704686821    
  0.825412929    
  0.704686821    
  0.619698465    
  0.568756938    
  0.482169300    
  0.379364341    
  0.313431680    
  0.288439840    
  0.338916630    
  0.572976291    
  0.704686821    
  0.654269516    
  0.704686821    
  0.498267084    
  0.432028830    
  0.432545573    
  0.457229555    
  0.432545573    
  0.432028830    
  0.498267084    
  0.619698465    
  0.704686821    
  0.825412929    
  0.572976291    
  0.338916630    
  0.288439840    
  0.313431680    
  0.379364341    
  0.482169300    
  0.568756938    
  0.568756938    
  0.498267084    
  0.572976291    
  0.665947080    
  0.432028830    
  0.214678586    
  0.187202320    
  0.235440403    
  0.308210641    
  0.373994261    
  0.482169300    
  0.432028830    
  0.338916630    
  0.432028830    
  0.482169300    
  0.308210641    
  0.127685189    
  0.107199579    
  0.127685189    
  0.308210641    
  0.379364341    
  0.432545573    
  0.288439840    
  0.214678586    
  0.308210641    
  0.164379850    
   4.28326242E-02
  -4.38327482E-03
  0.107199579    
  0.235440403    
  0.313431680    
  0.457229555    
  0.313431680    
  0.187202320    
  0.127685189    
   4.28326242E-02
   1.90996332E-03
   4.28326242E-02
  0.127685189    
  0.187202320    
  0.288439840    
  0.432545573    
  0.379364341    
  0.235440403    
  0.107199579    
  -4.38327482E-03
   4.28326242E-02
  0.164379850    
  0.308210641    
  0.214678586    
  0.338916630    
  0.432028830    
  0.482169300    
  0.308210641    
  0.127685189    
  0.107199579    
  0.127685189    
  0.308210641    
  0.482169300    
  0.432028830    
  0.572976291    
  0.498267084    
  0.568756938    
  0.373994261    
  0.308210641    
  0.235440403    
  0.187202320    
  0.214678586    
  0.432028830    
  0.665947080    
  0.799480855    
  0.665947080    
  0.568756938    
  0.482308388    
  0.284933865    
  0.164379850    
   8.72916281E-02
   8.86570588E-02
  0.288439840    
  0.553032994    
  0.665947080    
  0.572976291    
  0.498267084    
  0.568756938    
  0.373994261    
  0.308210641    
  0.235440403    
  0.187202320    
  0.214678586    
  0.432028830    
  0.568756938    
  0.498267084    
  0.572976291    
  0.665947080    
  0.432028830    
  0.214678586    
  0.187202320    
  0.235440403    
  0.308210641    
  0.373994261    
  0.482308388    
  0.568756938    
  0.665947080    
  0.799480855    
  0.553032994    
  0.288439840    
   8.86570588E-02
   8.72916281E-02
  0.164379850    
  0.284933865    
  0.284933865    
  0.373994261    
  0.432028830    
  0.553032994    
  0.661148906    
  0.432545573    
  0.187202320    
   1.02495467E-02
   4.28326242E-02
  0.194043547    
  0.164379850    
  0.308210641    
  0.214678586    
  0.288439840    
  0.432545573    
  0.379364341    
  0.235440403    
  0.107199579    
  -4.38327482E-03
   4.28326242E-02
   8.72916281E-02
  0.235440403    
  0.187202320    
   8.86570588E-02
  0.187202320    
  0.235440403    
   8.72916281E-02
   1.02495467E-02
  0.107199579    
   1.02495467E-02
   8.86570588E-02
  0.187202320    
  0.235440403    
   8.72916281E-02
   1.02495467E-02
  0.107199579    
   1.02495467E-02
   8.72916281E-02
  0.235440403    
  0.187202320    
  0.288439840    
  0.214678586    
  0.308210641    
  0.164379850    
   4.28326242E-02
  -4.38327482E-03
  0.107199579    
  0.235440403    
  0.379364341    
  0.432545573    
  0.553032994    
  0.432028830    
  0.373994261    
  0.284933865    
  0.194043547    
   4.28326242E-02
   1.02495467E-02
  0.187202320    
  0.432545573    
  0.661148906    
  0.806581080    
  0.661148906    
  0.482169300    
  0.284933865    
  0.400693208    
  0.204619601    
   1.90996332E-03
   8.72916281E-02
  0.313431680    
  0.570573330    
  0.661148906    
  0.553032994    
  0.432028830    
  0.373994261    
  0.284933865    
  0.194043547    
   4.28326242E-02
   1.02495467E-02
  0.187202320    
  0.432545573    
  0.482169300    
  0.432028830    
  0.338916630    
  0.432028830    
  0.482169300    
  0.308210641    
  0.127685189    
  0.107199579    
  0.127685189    
  0.308210641    
  0.284933865    
  0.373994261    
  0.432028830    
  0.553032994    
  0.661148906    
  0.432545573    
  0.187202320    
   1.02495467E-02
   4.28326242E-02
  0.194043547    
  0.400693208    
  0.284933865    
  0.482169300    
  0.661148906    
  0.806581080    
  0.570573330    
  0.313431680    
   8.72916281E-02
   1.90996332E-03
  0.204619601    
  0.204619601    
  0.194043547    
  0.308210641    
  0.432545573    
  0.570573330    
  0.624207735    
  0.457229555    
  0.235440403    
   4.28326242E-02
  0.169020951    
   1.90996332E-03
   4.28326242E-02
  0.127685189    
  0.187202320    
  0.313431680    
  0.457229555    
  0.313431680    
  0.187202320    
  0.127685189    
   4.28326242E-02
   8.72916281E-02
   1.02495467E-02
  0.107199579    
   1.02495467E-02
   8.72916281E-02
  0.235440403    
  0.187202320    
   8.86570588E-02
  0.187202320    
  0.235440403    
  0.313431680    
  0.187202320    
  0.127685189    
   4.28326242E-02
   1.90996332E-03
   4.28326242E-02
  0.127685189    
  0.187202320    
  0.313431680    
  0.457229555    
  0.570573330    
  0.432545573    
  0.308210641    
  0.194043547    
  0.204619601    
  0.169020951    
   4.28326242E-02
  0.235440403    
  0.457229555    
  0.624207735    
  0.845273256    
  0.624207735    
  0.379364341    
  0.164379850    
  0.204619601    
  0.373154700    
  0.204619601    
  0.164379850    
  0.379364341    
  0.624207735    
  0.624207735    
  0.570573330    
  0.432545573    
  0.308210641    
  0.194043547    
  0.204619601    
  0.169020951    
   4.28326242E-02
  0.235440403    
  0.457229555    
  0.379364341    
  0.432545573    
  0.288439840    
  0.214678586    
  0.308210641    
  0.164379850    
   4.28326242E-02
  -4.38327482E-03
  0.107199579    
  0.235440403    
  0.164379850    
  0.308210641    
  0.214678586    
  0.288439840    
  0.432545573    
  0.379364341    
  0.235440403    
  0.107199579    
  -4.38327482E-03
   4.28326242E-02
  0.204619601    
  0.194043547    
  0.308210641    
  0.432545573    
  0.570573330    
  0.624207735    
  0.457229555    
  0.235440403    
   4.28326242E-02
  0.169020951    
  0.373154700    
  0.204619601    
  0.164379850    
  0.379364341    
  0.624207735    
  0.845273256    
  0.624207735    
  0.379364341    
  0.164379850    
  0.204619601    
  0.204619601    
  0.169020951    
   4.28326242E-02
  0.235440403    
  0.457229555    
  0.624207735    
  0.570573330    
  0.432545573    
  0.308210641    
  0.194043547    
  0.164379850    
   4.28326242E-02
  -4.38327482E-03
  0.107199579    
  0.235440403    
  0.379364341    
  0.432545573    
  0.288439840    
  0.214678586    
  0.308210641    
  0.379364341    
  0.235440403    
  0.107199579    
  -4.38327482E-03
   4.28326242E-02
  0.164379850    
  0.308210641    
  0.214678586    
  0.288439840    
  0.432545573    
  0.624207735    
  0.457229555    
  0.235440403    
   4.28326242E-02
  0.169020951    
  0.204619601    
  0.194043547    
  0.308210641    
  0.432545573    
  0.570573330    
  0.806581080    
  0.570573330    
  0.313431680    
   8.72916281E-02
   1.90996332E-03
  0.204619601    
  0.400693208    
  0.284933865    
  0.482169300    
  0.661148906    
  0.570573330    
  0.624207735    
  0.457229555    
  0.235440403    
   4.28326242E-02
  0.169020951    
  0.204619601    
  0.194043547    
  0.308210641    
  0.432545573    
  0.313431680    
  0.457229555    
  0.313431680    
  0.187202320    
  0.127685189    
   4.28326242E-02
   1.90996332E-03
   4.28326242E-02
  0.127685189    
  0.187202320    
   8.72916281E-02
  0.235440403    
  0.187202320    
   8.86570588E-02
  0.187202320    
  0.235440403    
   8.72916281E-02
   1.02495467E-02
  0.107199579    
   1.02495467E-02
   1.90996332E-03
   4.28326242E-02
  0.127685189    
  0.187202320    
  0.313431680    
  0.457229555    
  0.313431680    
  0.187202320    
  0.127685189    
   4.28326242E-02
  0.204619601    
  0.169020951    
   4.28326242E-02
  0.235440403    
  0.457229555    
  0.624207735    
  0.570573330    
  0.432545573    
  0.308210641    
  0.194043547    
  0.400693208    
  0.204619601    
   1.90996332E-03
   8.72916281E-02
  0.313431680    
  0.570573330    
  0.806581080    
  0.661148906    
  0.482169300    
  0.284933865    
  0.284933865    
  0.194043547    
   4.28326242E-02
   1.02495467E-02
  0.187202320    
  0.432545573    
  0.661148906    
  0.553032994    
  0.432028830    
  0.373994261    
  0.482169300    
  0.308210641    
  0.127685189    
  0.107199579    
  0.127685189    
  0.308210641    
  0.482169300    
  0.432028830    
  0.338916630    
  0.432028830    
  0.661148906    
  0.432545573    
  0.187202320    
   1.02495467E-02
   4.28326242E-02
  0.194043547    
  0.284933865    
  0.373994261    
  0.432028830    
  0.553032994    
  0.799480855    
  0.553032994    
  0.288439840    
   8.86570588E-02
   8.72916281E-02
  0.164379850    
  0.284933865    
  0.482308388    
  0.568756938    
  0.665947080    
  0.553032994    
  0.661148906    
  0.432545573    
  0.187202320    
   1.02495467E-02
   4.28326242E-02
  0.194043547    
  0.284933865    
  0.373994261    
  0.432028830    
  0.288439840    
  0.432545573    
  0.379364341    
  0.235440403    
  0.107199579    
  -4.38327482E-03
   4.28326242E-02
  0.164379850    
  0.308210641    
  0.214678586    
   8.86570588E-02
  0.187202320    
  0.235440403    
   8.72916281E-02
   1.02495467E-02
  0.107199579    
   1.02495467E-02
   8.72916281E-02
  0.235440403    
  0.187202320    
   8.72916281E-02
   1.02495467E-02
  0.107199579    
   1.02495467E-02
   8.72916281E-02
  0.235440403    
  0.187202320    
   8.86570588E-02
  0.187202320    
  0.235440403    
  0.164379850    
   4.28326242E-02
  -4.38327482E-03
  0.107199579    
  0.235440403    
  0.379364341    
  0.432545573    
  0.288439840    
  0.214678586    
  0.308210641    
  0.284933865    
  0.194043547    
   4.28326242E-02
   1.02495467E-02
  0.187202320    
  0.432545573    
  0.661148906    
  0.553032994    
  0.432028830    
  0.373994261    
  0.482308388    
  0.284933865    
  0.164379850    
   8.72916281E-02
   8.86570588E-02
  0.288439840    
  0.553032994    
  0.799480855    
  0.665947080    
  0.568756938    
  0.568756938    
  0.373994261    
  0.308210641    
  0.235440403    
  0.187202320    
  0.214678586    
  0.432028830    
  0.665947080    
  0.572976291    
  0.498267084    
  0.665947080    
  0.432028830    
  0.214678586    
  0.187202320    
  0.235440403    
  0.308210641    
  0.373994261    
  0.568756938    
  0.498267084    
  0.572976291    
  0.825412929    
  0.572976291    
  0.338916630    
  0.288439840    
  0.313431680    
  0.379364341    
  0.482169300    
  0.568756938    
  0.619698465    
  0.704686821    
  0.572976291    
  0.665947080    
  0.432028830    
  0.214678586    
  0.187202320    
  0.235440403    
  0.308210641    
  0.373994261    
  0.568756938    
  0.498267084    
  0.338916630    
  0.432028830    
  0.482169300    
  0.308210641    
  0.127685189    
  0.107199579    
  0.127685189    
  0.308210641    
  0.482169300    
  0.432028830    
  0.288439840    
  0.214678586    
  0.308210641    
  0.164379850    
   4.28326242E-02
  -4.38327482E-03
  0.107199579    
  0.235440403    
  0.379364341    
  0.432545573    
  0.313431680    
  0.187202320    
  0.127685189    
   4.28326242E-02
   1.90996332E-03
   4.28326242E-02
  0.127685189    
  0.187202320    
  0.313431680    
  0.457229555    
  0.379364341    
  0.235440403    
  0.107199579    
  -4.38327482E-03
   4.28326242E-02
  0.164379850    
  0.308210641    
  0.214678586    
  0.288439840    
  0.432545573    
  0.482169300    
  0.308210641    
  0.127685189    
  0.107199579    
  0.127685189    
  0.308210641    
  0.482169300    
  0.432028830    
  0.338916630    
  0.432028830    
  0.568756938    
  0.373994261    
  0.308210641    
  0.235440403    
  0.187202320    
  0.214678586    
  0.432028830    
  0.665947080    
  0.572976291    
  0.498267084    
  0.619698465    
  0.568756938    
  0.482169300    
  0.379364341    
  0.313431680    
  0.288439840    
  0.338916630    
  0.572976291    
  0.825412929    
  0.704686821    
  0.704686821    
  0.498267084    
  0.432028830    
  0.432545573    
  0.457229555    
  0.432545573    
  0.432028830    
  0.498267084    
  0.704686821    
  0.654269516    
  0.882396460    
  0.654269516    
  0.572976291    
  0.553032994    
  0.570573330    
  0.624207735    
  0.661148906    
  0.665947080    
  0.704686821    
  0.777286053    
  0.654269516    
  0.704686821    
  0.498267084    
  0.432028830    
  0.432545573    
  0.457229555    
  0.432545573    
  0.432028830    
  0.498267084    
  0.704686821    
  0.572976291    
  0.498267084    
  0.568756938    
  0.373994261    
  0.308210641    
  0.235440403    
  0.187202320    
  0.214678586    
  0.432028830    
  0.665947080    
  0.553032994    
  0.432028830    
  0.373994261    
  0.284933865    
  0.194043547    
   4.28326242E-02
   1.02495467E-02
  0.187202320    
  0.432545573    
  0.661148906    
  0.570573330    
  0.432545573    
  0.308210641    
  0.194043547    
  0.204619601    
  0.169020951    
   4.28326242E-02
  0.235440403    
  0.457229555    
  0.624207735    
  0.624207735    
  0.457229555    
  0.235440403    
   4.28326242E-02
  0.169020951    
  0.204619601    
  0.194043547    
  0.308210641    
  0.432545573    
  0.570573330    
  0.661148906    
  0.432545573    
  0.187202320    
   1.02495467E-02
   4.28326242E-02
  0.194043547    
  0.284933865    
  0.373994261    
  0.432028830    
  0.553032994    
  0.665947080    
  0.432028830    
  0.214678586    
  0.187202320    
  0.235440403    
  0.308210641    
  0.373994261    
  0.568756938    
  0.498267084    
  0.572976291    
  0.704686821    
  0.498267084    
  0.432028830    
  0.432545573    
  0.457229555    
  0.432545573    
  0.432028830    
  0.498267084    
  0.704686821    
  0.654269516    
  0.777286053    
  0.704686821    
  0.665947080    
  0.661148906    
  0.624207735    
  0.570573330    
  0.553032994    
  0.572976291    
  0.654269516    
  0.882396460    
   0.00000000    
   1.90086091    
   1.97741020    
   1.79802203    
   1.55619764    
   0.00000000    
   1.55619764    
   1.79802203    
   1.97741020    
   1.90086091    
   1.90086091    
   1.12905550    
   1.93016863    
   1.85901773    
   1.66478503    
  0.899649322    
   1.08745503    
   1.72383869    
   1.79879105    
   1.60951746    
   1.97741020    
   1.93016863    
  0.879958570    
   1.81296539    
   1.74488807    
   1.24981928    
  0.724392891    
   1.49530685    
   1.26173913    
   1.79879105    
   1.79802203    
   1.85901773    
   1.81296539    
  0.632321715    
   1.52561688    
   1.52640796    
  0.443431914    
  0.797337294    
   1.49530685    
   1.72383869    
   1.55619764    
   1.66478503    
   1.74488807    
   1.52561688    
   1.59270346    
   1.04449606    
  0.674675941    
  0.443431914    
  0.724392891    
   1.08745503    
   0.00000000    
  0.899649322    
   1.24981928    
   1.52640796    
   1.04449606    
   0.00000000    
   1.04449606    
   1.52640796    
   1.24981928    
  0.899649322    
   1.55619764    
   1.08745503    
  0.724392891    
  0.443431914    
  0.674675941    
   1.04449606    
   1.59270346    
   1.52561688    
   1.74488807    
   1.66478503    
   1.79802203    
   1.72383869    
   1.49530685    
  0.797337294    
  0.443431914    
   1.52640796    
   1.52561688    
  0.632321715    
   1.81296539    
   1.85901773    
   1.97741020    
   1.79879105    
   1.26173913    
   1.49530685    
  0.724392891    
   1.24981928    
   1.74488807    
   1.81296539    
  0.879958570    
   1.93016863    
   1.90086091    
   1.60951746    
   1.79879105    
   1.72383869    
   1.08745503    
  0.899649322    
   1.66478503    
   1.85901773    
   1.93016863    
   1.12905550    
   1.90086091    
   1.12905550    
   1.93016863    
   1.85901773    
   1.66478503    
  0.899649322    
   1.08745503    
   1.72383869    
   1.79879105    
   1.60951746    
   1.12905550    
   2.17204523    
   1.60951746    
   1.79877484    
   1.72359586    
   1.18854630    
  0.611618102    
   1.66495371    
   1.85926199    
   1.92661607    
   1.93016863    
   1.60951746    
   1.97922897    
   1.45249307    
   1.65424049    
   1.57606781    
  0.429709285    
   1.56697893    
   1.65510952    
   1.45249307    
   1.85901773    
   1.79877484    
   1.45249307    
   1.60929668    
   1.29730082    
   1.49697983    
   1.18019760    
  0.901214123    
   1.07860196    
   1.65425622    
   1.66478503    
   1.72359586    
   1.65424049    
   1.29730082    
   1.04094541    
   1.09961271    
  0.815202236    
  0.429670364    
   1.01899421    
   1.57175529    
  0.899649322    
   1.18854630    
   1.57606781    
   1.49697983    
   1.09961271    
   1.44837260    
  0.109364778    
  0.834434628    
   1.01950371    
  0.429709285    
   1.08745503    
  0.611618102    
  0.429709285    
   1.18019760    
  0.815202236    
  0.109364778    
   1.41072273    
   1.09961271    
   1.49901342    
   1.57175529    
   1.72383869    
   1.66495371    
   1.56697893    
  0.901214123    
  0.429670364    
  0.834434628    
   1.09961271    
   1.43379939    
   1.29730082    
   1.65425622    
   1.79879105    
   1.85926199    
   1.65510952    
   1.07860196    
   1.01899421    
   1.01950371    
   1.49901342    
   1.29730082    
   1.83913112    
   1.45249307    
   1.60951746    
   1.92661607    
   1.45249307    
   1.65425622    
   1.57175529    
  0.429709285    
   1.57175529    
   1.65425622    
   1.45249307    
   1.92661607    
   1.97741020    
   1.93016863    
  0.879958570    
   1.81296539    
   1.74488807    
   1.24981928    
  0.724392891    
   1.49530685    
   1.26173913    
   1.79879105    
   1.93016863    
   1.60951746    
   1.97922897    
   1.45249307    
   1.65424049    
   1.57606781    
  0.429709285    
   1.56697893    
   1.65510952    
   1.45249307    
  0.879958570    
   1.97922897    
   1.98691511    
   1.79526234    
   1.26173913    
   1.49462855    
   1.14918578    
   1.05627823    
   1.75073338    
   1.83913112    
   1.81296539    
   1.45249307    
   1.79526234    
   1.85712039    
   1.64901459    
   1.07860196    
   1.13161492    
  0.556552410    
   1.54724348    
   1.29730082    
   1.74488807    
   1.65424049    
   1.26173913    
   1.64901459    
   1.72574103    
   1.30261898    
  0.890368879    
  0.538847804    
  0.890368879    
   1.49901342    
   1.24981928    
   1.57606781    
   1.49462855    
   1.07860196    
   1.30261898    
  0.829907358    
  0.709516585    
  0.780932426    
  0.538847804    
   1.01950371    
  0.724392891    
  0.429709285    
   1.14918578    
   1.13161492    
  0.890368879    
  0.709516585    
  0.674675941    
  0.818429887    
  0.890368879    
   1.01899421    
   1.49530685    
   1.56697893    
   1.05627823    
  0.556552410    
  0.538847804    
  0.780932426    
  0.818429887    
   1.58881950    
   1.54724348    
   1.07860196    
   1.26173913    
   1.65510952    
   1.75073338    
   1.54724348    
  0.890368879    
  0.538847804    
  0.890368879    
   1.54724348    
   1.75073338    
   1.65510952    
   1.79879105    
   1.45249307    
   1.83913112    
   1.29730082    
   1.49901342    
   1.01950371    
   1.01899421    
   1.07860196    
   1.65510952    
   1.85926199    
   1.79802203    
   1.85901773    
   1.81296539    
  0.632321715    
   1.52561688    
   1.52640796    
  0.443431914    
  0.797337294    
   1.49530685    
   1.72383869    
   1.85901773    
   1.79877484    
   1.45249307    
   1.60929668    
   1.29730082    
   1.49697983    
   1.18019760    
  0.901214123    
   1.07860196    
   1.65425622    
   1.81296539    
   1.45249307    
   1.79526234    
   1.85712039    
   1.64901459    
   1.07860196    
   1.13161492    
  0.556552410    
   1.54724348    
   1.29730082    
  0.632321715    
   1.60929668    
   1.85712039    
   1.79503274    
   1.72193468    
   1.49129975    
  0.797337294    
  0.532573819    
   1.58881950    
   1.43379939    
   1.52561688    
   1.29730082    
   1.64901459    
   1.72193468    
   1.66374207    
   1.59955132    
   1.37771094    
  0.429670364    
  0.818429887    
   1.09961271    
   1.52640796    
   1.49697983    
   1.07860196    
   1.49129975    
   1.59955132    
   1.55173445    
   1.39408302    
  0.538847804    
  0.780932426    
  0.834434628    
  0.443431914    
   1.18019760    
   1.13161492    
  0.797337294    
   1.37771094    
   1.39408302    
  0.448609173    
  0.429670364    
  0.538847804    
  0.429670364    
  0.797337294    
  0.901214123    
  0.556552410    
  0.532573819    
  0.429670364    
  0.538847804    
  0.429670364    
  0.532573819    
  0.556552410    
  0.901214123    
   1.49530685    
   1.07860196    
   1.54724348    
   1.58881950    
  0.818429887    
  0.780932426    
  0.538847804    
  0.556552410    
   1.05627823    
   1.56697893    
   1.72383869    
   1.65425622    
   1.29730082    
   1.43379939    
   1.09961271    
  0.834434628    
  0.429670364    
  0.901214123    
   1.56697893    
   1.66495371    
   1.55619764    
   1.66478503    
   1.74488807    
   1.52561688    
   1.59270346    
   1.04449606    
  0.674675941    
  0.443431914    
  0.724392891    
   1.08745503    
   1.66478503    
   1.72359586    
   1.65424049    
   1.29730082    
   1.04094541    
   1.09961271    
  0.815202236    
  0.429670364    
   1.01899421    
   1.57175529    
   1.74488807    
   1.65424049    
   1.26173913    
   1.64901459    
   1.72574103    
   1.30261898    
  0.890368879    
  0.538847804    
  0.890368879    
   1.49901342    
   1.52561688    
   1.29730082    
   1.64901459    
   1.72193468    
   1.66374207    
   1.59955132    
   1.37771094    
  0.429670364    
  0.818429887    
   1.09961271    
   1.59270346    
   1.04094541    
   1.72574103    
   1.66374207    
   1.57796943    
   1.51279652    
   1.36915791    
  0.448609173    
  0.674675941    
   1.41072273    
   1.04449606    
   1.09961271    
   1.30261898    
   1.59955132    
   1.51279652    
   1.35319209    
  0.429709285    
   1.39408302    
  0.709516585    
  0.109364778    
  0.674675941    
  0.815202236    
  0.890368879    
   1.37771094    
   1.36915791    
  0.429709285    
   1.36915791    
   1.37771094    
  0.890368879    
  0.815202236    
  0.443431914    
  0.429670364    
  0.538847804    
  0.429670364    
  0.448609173    
   1.39408302    
   1.37771094    
  0.797337294    
   1.13161492    
   1.18019760    
  0.724392891    
   1.01899421    
  0.890368879    
  0.818429887    
  0.674675941    
  0.709516585    
  0.890368879    
   1.13161492    
   1.14918578    
  0.429709285    
   1.08745503    
   1.57175529    
   1.49901342    
   1.09961271    
   1.41072273    
  0.109364778    
  0.815202236    
   1.18019760    
  0.429709285    
  0.611618102    
   0.00000000    
  0.899649322    
   1.24981928    
   1.52640796    
   1.04449606    
   0.00000000    
   1.04449606    
   1.52640796    
   1.24981928    
  0.899649322    
  0.899649322    
   1.18854630    
   1.57606781    
   1.49697983    
   1.09961271    
   1.44837260    
  0.109364778    
  0.834434628    
   1.01950371    
  0.429709285    
   1.24981928    
   1.57606781    
   1.49462855    
   1.07860196    
   1.30261898    
  0.829907358    
  0.709516585    
  0.780932426    
  0.538847804    
   1.01950371    
   1.52640796    
   1.49697983    
   1.07860196    
   1.49129975    
   1.59955132    
   1.55173445    
   1.39408302    
  0.538847804    
  0.780932426    
  0.834434628    
   1.04449606    
   1.09961271    
   1.30261898    
   1.59955132    
   1.51279652    
   1.35319209    
  0.429709285    
   1.39408302    
  0.709516585    
  0.109364778    
   0.00000000    
   1.44837260    
  0.829907358    
   1.55173445    
   1.35319209    
   0.00000000    
   1.35319209    
   1.55173445    
  0.829907358    
   1.44837260    
   1.04449606    
  0.109364778    
  0.709516585    
   1.39408302    
  0.429709285    
   1.35319209    
   1.51279652    
   1.59955132    
   1.30261898    
   1.09961271    
   1.52640796    
  0.834434628    
  0.780932426    
  0.538847804    
   1.39408302    
   1.55173445    
   1.59955132    
   1.49129975    
   1.07860196    
   1.49697983    
   1.24981928    
   1.01950371    
  0.538847804    
  0.780932426    
  0.709516585    
  0.829907358    
   1.30261898    
   1.07860196    
   1.49462855    
   1.57606781    
  0.899649322    
  0.429709285    
   1.01950371    
  0.834434628    
  0.109364778    
   1.44837260    
   1.09961271    
   1.49697983    
   1.57606781    
   1.18854630    
   1.55619764    
   1.08745503    
  0.724392891    
  0.443431914    
  0.674675941    
   1.04449606    
   1.59270346    
   1.52561688    
   1.74488807    
   1.66478503    
   1.08745503    
  0.611618102    
  0.429709285    
   1.18019760    
  0.815202236    
  0.109364778    
   1.41072273    
   1.09961271    
   1.49901342    
   1.57175529    
  0.724392891    
  0.429709285    
   1.14918578    
   1.13161492    
  0.890368879    
  0.709516585    
  0.674675941    
  0.818429887    
  0.890368879    
   1.01899421    
  0.443431914    
   1.18019760    
   1.13161492    
  0.797337294    
   1.37771094    
   1.39408302    
  0.448609173    
  0.429670364    
  0.538847804    
  0.429670364    
  0.674675941    
  0.815202236    
  0.890368879    
   1.37771094    
   1.36915791    
  0.429709285    
   1.36915791    
   1.37771094    
  0.890368879    
  0.815202236    
   1.04449606    
  0.109364778    
  0.709516585    
   1.39408302    
  0.429709285    
   1.35319209    
   1.51279652    
   1.59955132    
   1.30261898    
   1.09961271    
   1.59270346    
   1.41072273    
  0.674675941    
  0.448609173    
   1.36915791    
   1.51279652    
   1.57796943    
   1.66374207    
   1.72574103    
   1.04094541    
   1.52561688    
   1.09961271    
  0.818429887    
  0.429670364    
   1.37771094    
   1.59955132    
   1.66374207    
   1.72193468    
   1.64901459    
   1.29730082    
   1.74488807    
   1.49901342    
  0.890368879    
  0.538847804    
  0.890368879    
   1.30261898    
   1.72574103    
   1.64901459    
   1.26173913    
   1.65424049    
   1.66478503    
   1.57175529    
   1.01899421    
  0.429670364    
  0.815202236    
   1.09961271    
   1.04094541    
   1.29730082    
   1.65424049    
   1.72359586    
   1.79802203    
   1.72383869    
   1.49530685    
  0.797337294    
  0.443431914    
   1.52640796    
   1.52561688    
  0.632321715    
   1.81296539    
   1.85901773    
   1.72383869    
   1.66495371    
   1.56697893    
  0.901214123    
  0.429670364    
  0.834434628    
   1.09961271    
   1.43379939    
   1.29730082    
   1.65425622    
   1.49530685    
   1.56697893    
   1.05627823    
  0.556552410    
  0.538847804    
  0.780932426    
  0.818429887    
   1.58881950    
   1.54724348    
   1.07860196    
  0.797337294    
  0.901214123    
  0.556552410    
  0.532573819    
  0.429670364    
  0.538847804    
  0.429670364    
  0.532573819    
  0.556552410    
  0.901214123    
  0.443431914    
  0.429670364    
  0.538847804    
  0.429670364    
  0.448609173    
   1.39408302    
   1.37771094    
  0.797337294    
   1.13161492    
   1.18019760    
   1.52640796    
  0.834434628    
  0.780932426    
  0.538847804    
   1.39408302    
   1.55173445    
   1.59955132    
   1.49129975    
   1.07860196    
   1.49697983    
   1.52561688    
   1.09961271    
  0.818429887    
  0.429670364    
   1.37771094    
   1.59955132    
   1.66374207    
   1.72193468    
   1.64901459    
   1.29730082    
  0.632321715    
   1.43379939    
   1.58881950    
  0.532573819    
  0.797337294    
   1.49129975    
   1.72193468    
   1.79503274    
   1.85712039    
   1.60929668    
   1.81296539    
   1.29730082    
   1.54724348    
  0.556552410    
   1.13161492    
   1.07860196    
   1.64901459    
   1.85712039    
   1.79526234    
   1.45249307    
   1.85901773    
   1.65425622    
   1.07860196    
  0.901214123    
   1.18019760    
   1.49697983    
   1.29730082    
   1.60929668    
   1.45249307    
   1.79877484    
   1.97741020    
   1.79879105    
   1.26173913    
   1.49530685    
  0.724392891    
   1.24981928    
   1.74488807    
   1.81296539    
  0.879958570    
   1.93016863    
   1.79879105    
   1.85926199    
   1.65510952    
   1.07860196    
   1.01899421    
   1.01950371    
   1.49901342    
   1.29730082    
   1.83913112    
   1.45249307    
   1.26173913    
   1.65510952    
   1.75073338    
   1.54724348    
  0.890368879    
  0.538847804    
  0.890368879    
   1.54724348    
   1.75073338    
   1.65510952    
   1.49530685    
   1.07860196    
   1.54724348    
   1.58881950    
  0.818429887    
  0.780932426    
  0.538847804    
  0.556552410    
   1.05627823    
   1.56697893    
  0.724392891    
   1.01899421    
  0.890368879    
  0.818429887    
  0.674675941    
  0.709516585    
  0.890368879    
   1.13161492    
   1.14918578    
  0.429709285    
   1.24981928    
   1.01950371    
  0.538847804    
  0.780932426    
  0.709516585    
  0.829907358    
   1.30261898    
   1.07860196    
   1.49462855    
   1.57606781    
   1.74488807    
   1.49901342    
  0.890368879    
  0.538847804    
  0.890368879    
   1.30261898    
   1.72574103    
   1.64901459    
   1.26173913    
   1.65424049    
   1.81296539    
   1.29730082    
   1.54724348    
  0.556552410    
   1.13161492    
   1.07860196    
   1.64901459    
   1.85712039    
   1.79526234    
   1.45249307    
  0.879958570    
   1.83913112    
   1.75073338    
   1.05627823    
   1.14918578    
   1.49462855    
   1.26173913    
   1.79526234    
   1.98691511    
   1.97922897    
   1.93016863    
   1.45249307    
   1.65510952    
   1.56697893    
  0.429709285    
   1.57606781    
   1.65424049    
   1.45249307    
   1.97922897    
   1.60951746    
   1.90086091    
   1.60951746    
   1.79879105    
   1.72383869    
   1.08745503    
  0.899649322    
   1.66478503    
   1.85901773    
   1.93016863    
   1.12905550    
   1.60951746    
   1.92661607    
   1.45249307    
   1.65425622    
   1.57175529    
  0.429709285    
   1.57175529    
   1.65425622    
   1.45249307    
   1.92661607    
   1.79879105    
   1.45249307    
   1.83913112    
   1.29730082    
   1.49901342    
   1.01950371    
   1.01899421    
   1.07860196    
   1.65510952    
   1.85926199    
   1.72383869    
   1.65425622    
   1.29730082    
   1.43379939    
   1.09961271    
  0.834434628    
  0.429670364    
  0.901214123    
   1.56697893    
   1.66495371    
   1.08745503    
   1.57175529    
   1.49901342    
   1.09961271    
   1.41072273    
  0.109364778    
  0.815202236    
   1.18019760    
  0.429709285    
  0.611618102    
  0.899649322    
  0.429709285    
   1.01950371    
  0.834434628    
  0.109364778    
   1.44837260    
   1.09961271    
   1.49697983    
   1.57606781    
   1.18854630    
   1.66478503    
   1.57175529    
   1.01899421    
  0.429670364    
  0.815202236    
   1.09961271    
   1.04094541    
   1.29730082    
   1.65424049    
   1.72359586    
   1.85901773    
   1.65425622    
   1.07860196    
  0.901214123    
   1.18019760    
   1.49697983    
   1.29730082    
   1.60929668    
   1.45249307    
   1.79877484    
   1.93016863    
   1.45249307    
   1.65510952    
   1.56697893    
  0.429709285    
   1.57606781    
   1.65424049    
   1.45249307    
   1.97922897    
   1.60951746    
   1.12905550    
   1.92661607    
   1.85926199    
   1.66495371    
  0.611618102    
   1.18854630    
   1.72359586    
   1.79877484    
   1.60951746    
   2.17204523    
   0.00000000    
  0.735202670    
  0.812614322    
  0.782174826    
  0.789579093    
   0.00000000    
  0.789579093    
  0.782174826    
  0.812614322    
  0.735202670    
  0.735202670    
   1.06062639    
  0.966926098    
  0.908909202    
   1.27257001    
   1.96704388    
   1.94285119    
   1.86788809    
   1.69437218    
   1.30582523    
  0.812614322    
  0.966926098    
  0.811271727    
  0.975452840    
   1.85861886    
   2.03475308    
   1.90441489    
   1.66849267    
   1.20080996    
   1.69437218    
  0.782174826    
  0.908909202    
  0.975452840    
   1.69394433    
   1.29479051    
   1.16142535    
   1.26519740    
  0.848892331    
   1.66849267    
   1.86788809    
  0.789579093    
   1.27257001    
   1.85861886    
   1.29479051    
  0.479340345    
   1.43258560    
  0.495151371    
   1.26519740    
   1.90441489    
   1.94285119    
   0.00000000    
   1.96704388    
   2.03475308    
   1.16142535    
   1.43258560    
   0.00000000    
   1.43258560    
   1.16142535    
   2.03475308    
   1.96704388    
  0.789579093    
   1.94285119    
   1.90441489    
   1.26519740    
  0.495151371    
   1.43258560    
  0.479340345    
   1.29479051    
   1.85861886    
   1.27257001    
  0.782174826    
   1.86788809    
   1.66849267    
  0.848892331    
   1.26519740    
   1.16142535    
   1.29479051    
   1.69394433    
  0.975452840    
  0.908909202    
  0.812614322    
   1.69437218    
   1.20080996    
   1.66849267    
   1.90441489    
   2.03475308    
   1.85861886    
  0.975452840    
  0.811271727    
  0.966926098    
  0.735202670    
   1.30582523    
   1.69437218    
   1.86788809    
   1.94285119    
   1.96704388    
   1.27257001    
  0.908909202    
  0.966926098    
   1.06062639    
  0.735202670    
   1.06062639    
  0.966926098    
  0.908909202    
   1.27257001    
   1.96704388    
   1.94285119    
   1.86788809    
   1.69437218    
   1.30582523    
   1.06062639    
   1.27167320    
   1.30582523    
   1.51311231    
   1.68066430    
   1.25182354    
  0.683261156    
  0.792187154    
  0.936292470    
  0.949958682    
  0.966926098    
   1.30582523    
  0.954414725    
   1.15081799    
   1.35918200    
   1.28484178    
   1.64068866    
   1.88775480    
   1.59921324    
   1.15081799    
  0.908909202    
   1.51311231    
   1.15081799    
  0.782870471    
   1.26269829    
   1.28485334    
   1.85403597    
   1.60171294    
   1.03658843    
   1.58655798    
   1.27257001    
   1.68066430    
   1.35918200    
   1.26269829    
   1.15160382    
   1.11132526    
  0.786686122    
  0.615039110    
   1.57758796    
   1.76585746    
   1.96704388    
   1.25182354    
   1.28484178    
   1.28485334    
   1.11132526    
  0.997917771    
  0.965594888    
  0.807967484    
   1.71358347    
   1.64068866    
   1.94285119    
  0.683261156    
   1.64068866    
   1.85403597    
  0.786686122    
  0.965594888    
   1.58441103    
   1.11132526    
   1.34203684    
   1.76585746    
   1.86788809    
  0.792187154    
   1.88775480    
   1.60171294    
  0.615039110    
  0.807967484    
   1.11132526    
   1.22170019    
   1.26269829    
   1.58655798    
   1.69437218    
  0.936292470    
   1.59921324    
   1.03658843    
   1.57758796    
   1.71358347    
   1.34203684    
   1.26269829    
  0.743805647    
   1.15081799    
   1.30582523    
  0.949958682    
   1.15081799    
   1.58655798    
   1.76585746    
   1.64068866    
   1.76585746    
   1.58655798    
   1.15081799    
  0.949958682    
  0.812614322    
  0.966926098    
  0.811271727    
  0.975452840    
   1.85861886    
   2.03475308    
   1.90441489    
   1.66849267    
   1.20080996    
   1.69437218    
  0.966926098    
   1.30582523    
  0.954414725    
   1.15081799    
   1.35918200    
   1.28484178    
   1.64068866    
   1.88775480    
   1.59921324    
   1.15081799    
  0.811271727    
  0.954414725    
   1.36154675    
   1.67685616    
   1.20080996    
   1.65695739    
   1.78005397    
   1.18246090    
  0.789103210    
  0.743805647    
  0.975452840    
   1.15081799    
   1.67685616    
  0.922602952    
   1.55878770    
   1.03658843    
   1.16984010    
   1.20011103    
   1.39415956    
   1.26269829    
   1.85861886    
   1.35918200    
   1.20080996    
   1.55878770    
   1.29641569    
   1.37634432    
   1.04443777    
   1.01211178    
   1.04443777    
   1.34203684    
   2.03475308    
   1.28484178    
   1.65695739    
   1.03658843    
   1.37634432    
   1.62938917    
  0.947205663    
  0.384161979    
   1.01211178    
   1.71358347    
   1.90441489    
   1.64068866    
   1.78005397    
   1.16984010    
   1.04443777    
  0.947205663    
  0.495151371    
  0.896960497    
   1.04443777    
   1.57758796    
   1.66849267    
   1.88775480    
   1.18246090    
   1.20011103    
   1.01211178    
  0.384161979    
  0.896960497    
   1.60944831    
   1.39415956    
   1.03658843    
   1.20080996    
   1.59921324    
  0.789103210    
   1.39415956    
   1.04443777    
   1.01211178    
   1.04443777    
   1.39415956    
  0.789103210    
   1.59921324    
   1.69437218    
   1.15081799    
  0.743805647    
   1.26269829    
   1.34203684    
   1.71358347    
   1.57758796    
   1.03658843    
   1.59921324    
  0.936292470    
  0.782174826    
  0.908909202    
  0.975452840    
   1.69394433    
   1.29479051    
   1.16142535    
   1.26519740    
  0.848892331    
   1.66849267    
   1.86788809    
  0.908909202    
   1.51311231    
   1.15081799    
  0.782870471    
   1.26269829    
   1.28485334    
   1.85403597    
   1.60171294    
   1.03658843    
   1.58655798    
  0.975452840    
   1.15081799    
   1.67685616    
  0.922602952    
   1.55878770    
   1.03658843    
   1.16984010    
   1.20011103    
   1.39415956    
   1.26269829    
   1.69394433    
  0.782870471    
  0.922602952    
   1.16723990    
   1.81259573    
   1.66524804    
  0.848892331    
   1.48467374    
   1.60944831    
   1.22170019    
   1.29479051    
   1.26269829    
   1.55878770    
   1.81259573    
   1.12149918    
   1.67826688    
   1.46934128    
  0.615039110    
  0.896960497    
   1.11132526    
   1.16142535    
   1.28485334    
   1.03658843    
   1.66524804    
   1.67826688    
   1.61654270    
   1.51450419    
   1.01211178    
  0.384161979    
  0.807967484    
   1.26519740    
   1.85403597    
   1.16984010    
  0.848892331    
   1.46934128    
   1.51450419    
   1.39251602    
  0.615039110    
   1.01211178    
  0.615039110    
  0.848892331    
   1.60171294    
   1.20011103    
   1.48467374    
  0.615039110    
   1.01211178    
  0.615039110    
   1.48467374    
   1.20011103    
   1.60171294    
   1.66849267    
   1.03658843    
   1.39415956    
   1.60944831    
  0.896960497    
  0.384161979    
   1.01211178    
   1.20011103    
   1.18246090    
   1.88775480    
   1.86788809    
   1.58655798    
   1.26269829    
   1.22170019    
   1.11132526    
  0.807967484    
  0.615039110    
   1.60171294    
   1.88775480    
  0.792187154    
  0.789579093    
   1.27257001    
   1.85861886    
   1.29479051    
  0.479340345    
   1.43258560    
  0.495151371    
   1.26519740    
   1.90441489    
   1.94285119    
   1.27257001    
   1.68066430    
   1.35918200    
   1.26269829    
   1.15160382    
   1.11132526    
  0.786686122    
  0.615039110    
   1.57758796    
   1.76585746    
   1.85861886    
   1.35918200    
   1.20080996    
   1.55878770    
   1.29641569    
   1.37634432    
   1.04443777    
   1.01211178    
   1.04443777    
   1.34203684    
   1.29479051    
   1.26269829    
   1.55878770    
   1.81259573    
   1.12149918    
   1.67826688    
   1.46934128    
  0.615039110    
  0.896960497    
   1.11132526    
  0.479340345    
   1.15160382    
   1.29641569    
   1.12149918    
  0.936317027    
   1.71095610    
   1.84587252    
   1.39251602    
  0.495151371    
   1.58441103    
   1.43258560    
   1.11132526    
   1.37634432    
   1.67826688    
   1.71095610    
   1.63446617    
   1.64068866    
   1.51450419    
  0.947205663    
  0.965594888    
  0.495151371    
  0.786686122    
   1.04443777    
   1.46934128    
   1.84587252    
   1.64068866    
   1.84587252    
   1.46934128    
   1.04443777    
  0.786686122    
   1.26519740    
  0.615039110    
   1.01211178    
  0.615039110    
   1.39251602    
   1.51450419    
   1.46934128    
  0.848892331    
   1.16984010    
   1.85403597    
   1.90441489    
   1.57758796    
   1.04443777    
  0.896960497    
  0.495151371    
  0.947205663    
   1.04443777    
   1.16984010    
   1.78005397    
   1.64068866    
   1.94285119    
   1.76585746    
   1.34203684    
   1.11132526    
   1.58441103    
  0.965594888    
  0.786686122    
   1.85403597    
   1.64068866    
  0.683261156    
   0.00000000    
   1.96704388    
   2.03475308    
   1.16142535    
   1.43258560    
   0.00000000    
   1.43258560    
   1.16142535    
   2.03475308    
   1.96704388    
   1.96704388    
   1.25182354    
   1.28484178    
   1.28485334    
   1.11132526    
  0.997917771    
  0.965594888    
  0.807967484    
   1.71358347    
   1.64068866    
   2.03475308    
   1.28484178    
   1.65695739    
   1.03658843    
   1.37634432    
   1.62938917    
  0.947205663    
  0.384161979    
   1.01211178    
   1.71358347    
   1.16142535    
   1.28485334    
   1.03658843    
   1.66524804    
   1.67826688    
   1.61654270    
   1.51450419    
   1.01211178    
  0.384161979    
  0.807967484    
   1.43258560    
   1.11132526    
   1.37634432    
   1.67826688    
   1.71095610    
   1.63446617    
   1.64068866    
   1.51450419    
  0.947205663    
  0.965594888    
   0.00000000    
  0.997917771    
   1.62938917    
   1.61654270    
   1.63446617    
   0.00000000    
   1.63446617    
   1.61654270    
   1.62938917    
  0.997917771    
   1.43258560    
  0.965594888    
  0.947205663    
   1.51450419    
   1.64068866    
   1.63446617    
   1.71095610    
   1.67826688    
   1.37634432    
   1.11132526    
   1.16142535    
  0.807967484    
  0.384161979    
   1.01211178    
   1.51450419    
   1.61654270    
   1.67826688    
   1.66524804    
   1.03658843    
   1.28485334    
   2.03475308    
   1.71358347    
   1.01211178    
  0.384161979    
  0.947205663    
   1.62938917    
   1.37634432    
   1.03658843    
   1.65695739    
   1.28484178    
   1.96704388    
   1.64068866    
   1.71358347    
  0.807967484    
  0.965594888    
  0.997917771    
   1.11132526    
   1.28485334    
   1.28484178    
   1.25182354    
  0.789579093    
   1.94285119    
   1.90441489    
   1.26519740    
  0.495151371    
   1.43258560    
  0.479340345    
   1.29479051    
   1.85861886    
   1.27257001    
   1.94285119    
  0.683261156    
   1.64068866    
   1.85403597    
  0.786686122    
  0.965594888    
   1.58441103    
   1.11132526    
   1.34203684    
   1.76585746    
   1.90441489    
   1.64068866    
   1.78005397    
   1.16984010    
   1.04443777    
  0.947205663    
  0.495151371    
  0.896960497    
   1.04443777    
   1.57758796    
   1.26519740    
   1.85403597    
   1.16984010    
  0.848892331    
   1.46934128    
   1.51450419    
   1.39251602    
  0.615039110    
   1.01211178    
  0.615039110    
  0.495151371    
  0.786686122    
   1.04443777    
   1.46934128    
   1.84587252    
   1.64068866    
   1.84587252    
   1.46934128    
   1.04443777    
  0.786686122    
   1.43258560    
  0.965594888    
  0.947205663    
   1.51450419    
   1.64068866    
   1.63446617    
   1.71095610    
   1.67826688    
   1.37634432    
   1.11132526    
  0.479340345    
   1.58441103    
  0.495151371    
   1.39251602    
   1.84587252    
   1.71095610    
  0.936317027    
   1.12149918    
   1.29641569    
   1.15160382    
   1.29479051    
   1.11132526    
  0.896960497    
  0.615039110    
   1.46934128    
   1.67826688    
   1.12149918    
   1.81259573    
   1.55878770    
   1.26269829    
   1.85861886    
   1.34203684    
   1.04443777    
   1.01211178    
   1.04443777    
   1.37634432    
   1.29641569    
   1.55878770    
   1.20080996    
   1.35918200    
   1.27257001    
   1.76585746    
   1.57758796    
  0.615039110    
  0.786686122    
   1.11132526    
   1.15160382    
   1.26269829    
   1.35918200    
   1.68066430    
  0.782174826    
   1.86788809    
   1.66849267    
  0.848892331    
   1.26519740    
   1.16142535    
   1.29479051    
   1.69394433    
  0.975452840    
  0.908909202    
   1.86788809    
  0.792187154    
   1.88775480    
   1.60171294    
  0.615039110    
  0.807967484    
   1.11132526    
   1.22170019    
   1.26269829    
   1.58655798    
   1.66849267    
   1.88775480    
   1.18246090    
   1.20011103    
   1.01211178    
  0.384161979    
  0.896960497    
   1.60944831    
   1.39415956    
   1.03658843    
  0.848892331    
   1.60171294    
   1.20011103    
   1.48467374    
  0.615039110    
   1.01211178    
  0.615039110    
   1.48467374    
   1.20011103    
   1.60171294    
   1.26519740    
  0.615039110    
   1.01211178    
  0.615039110    
   1.39251602    
   1.51450419    
   1.46934128    
  0.848892331    
   1.16984010    
   1.85403597    
   1.16142535    
  0.807967484    
  0.384161979    
   1.01211178    
   1.51450419    
   1.61654270    
   1.67826688    
   1.66524804    
   1.03658843    
   1.28485334    
   1.29479051    
   1.11132526    
  0.896960497    
  0.615039110    
   1.46934128    
   1.67826688    
   1.12149918    
   1.81259573    
   1.55878770    
   1.26269829    
   1.69394433    
   1.22170019    
   1.60944831    
   1.48467374    
  0.848892331    
   1.66524804    
   1.81259573    
   1.16723990    
  0.922602952    
  0.782870471    
  0.975452840    
   1.26269829    
   1.39415956    
   1.20011103    
   1.16984010    
   1.03658843    
   1.55878770    
  0.922602952    
   1.67685616    
   1.15081799    
  0.908909202    
   1.58655798    
   1.03658843    
   1.60171294    
   1.85403597    
   1.28485334    
   1.26269829    
  0.782870471    
   1.15081799    
   1.51311231    
  0.812614322    
   1.69437218    
   1.20080996    
   1.66849267    
   1.90441489    
   2.03475308    
   1.85861886    
  0.975452840    
  0.811271727    
  0.966926098    
   1.69437218    
  0.936292470    
   1.59921324    
   1.03658843    
   1.57758796    
   1.71358347    
   1.34203684    
   1.26269829    
  0.743805647    
   1.15081799    
   1.20080996    
   1.59921324    
  0.789103210    
   1.39415956    
   1.04443777    
   1.01211178    
   1.04443777    
   1.39415956    
  0.789103210    
   1.59921324    
   1.66849267    
   1.03658843    
   1.39415956    
   1.60944831    
  0.896960497    
  0.384161979    
   1.01211178    
   1.20011103    
   1.18246090    
   1.88775480    
   1.90441489    
   1.57758796    
   1.04443777    
  0.896960497    
  0.495151371    
  0.947205663    
   1.04443777    
   1.16984010    
   1.78005397    
   1.64068866    
   2.03475308    
   1.71358347    
   1.01211178    
  0.384161979    
  0.947205663    
   1.62938917    
   1.37634432    
   1.03658843    
   1.65695739    
   1.28484178    
   1.85861886    
   1.34203684    
   1.04443777    
   1.01211178    
   1.04443777    
   1.37634432    
   1.29641569    
   1.55878770    
   1.20080996    
   1.35918200    
  0.975452840    
   1.26269829    
   1.39415956    
   1.20011103    
   1.16984010    
   1.03658843    
   1.55878770    
  0.922602952    
   1.67685616    
   1.15081799    
  0.811271727    
  0.743805647    
  0.789103210    
   1.18246090    
   1.78005397    
   1.65695739    
   1.20080996    
   1.67685616    
   1.36154675    
  0.954414725    
  0.966926098    
   1.15081799    
   1.59921324    
   1.88775480    
   1.64068866    
   1.28484178    
   1.35918200    
   1.15081799    
  0.954414725    
   1.30582523    
  0.735202670    
   1.30582523    
   1.69437218    
   1.86788809    
   1.94285119    
   1.96704388    
   1.27257001    
  0.908909202    
  0.966926098    
   1.06062639    
   1.30582523    
  0.949958682    
   1.15081799    
   1.58655798    
   1.76585746    
   1.64068866    
   1.76585746    
   1.58655798    
   1.15081799    
  0.949958682    
   1.69437218    
   1.15081799    
  0.743805647    
   1.26269829    
   1.34203684    
   1.71358347    
   1.57758796    
   1.03658843    
   1.59921324    
  0.936292470    
   1.86788809    
   1.58655798    
   1.26269829    
   1.22170019    
   1.11132526    
  0.807967484    
  0.615039110    
   1.60171294    
   1.88775480    
  0.792187154    
   1.94285119    
   1.76585746    
   1.34203684    
   1.11132526    
   1.58441103    
  0.965594888    
  0.786686122    
   1.85403597    
   1.64068866    
  0.683261156    
   1.96704388    
   1.64068866    
   1.71358347    
  0.807967484    
  0.965594888    
  0.997917771    
   1.11132526    
   1.28485334    
   1.28484178    
   1.25182354    
   1.27257001    
   1.76585746    
   1.57758796    
  0.615039110    
  0.786686122    
   1.11132526    
   1.15160382    
   1.26269829    
   1.35918200    
   1.68066430    
  0.908909202    
   1.58655798    
   1.03658843    
   1.60171294    
   1.85403597    
   1.28485334    
   1.26269829    
  0.782870471    
   1.15081799    
   1.51311231    
  0.966926098    
   1.15081799    
   1.59921324    
   1.88775480    
   1.64068866    
   1.28484178    
   1.35918200    
   1.15081799    
  0.954414725    
   1.30582523    
   1.06062639    
  0.949958682    
  0.936292470    
  0.792187154    
  0.683261156    
   1.25182354    
   1.68066430    
   1.51311231    
   1.30582523    
   1.27167320    
