    0.0000   -0.0000
    0.0200    6.0373
    0.0400   12.0731
    0.0600   18.1058
    0.0800   24.1330
    0.1000   30.1519
    0.1200   36.1587
    0.1400   42.1485
    0.1600   48.1156
    0.1800   54.0529
    0.2000   59.9526
    0.2200   65.8057
    0.2400   71.6027
    0.2600   77.3334
    0.2800   82.9873
    0.3000   88.5537
    0.3200   94.0224
    0.3400   99.3834
    0.3600  104.6275
    0.3800  109.7464
    0.4000  114.7330
    0.4200  119.5815
    0.4400  124.2872
    0.4600  128.8470
    0.4800  133.2591
    0.5000  137.5230
    0.5200  141.6391
    0.5400  145.6089
    0.5600  149.4347
    0.5800  153.1188
    0.6000  156.6640
    0.6200  160.0726
    0.6400  163.3465
    0.6600  166.4870
    0.6800  169.4940
    0.7000  172.3667
    0.7200  175.1027
    0.7400  177.6983
    0.7600  180.1485
    0.7800  182.4473
    0.8000  184.5873
    0.8200  186.5605
    0.8400  188.3583
    0.8600  189.9716
    0.8800  191.3916
    0.9000  192.6099
    0.9200  193.6185
    0.9400  194.4106
    0.9600  194.9806
    0.9800  195.3243
    1.0000  195.4392
    1.0283  195.3878
    1.0566  195.2324
    1.0849  194.9688
    1.1131  194.5908
    1.1414  194.0899
    1.1697  193.4565
    1.1980  192.6804
    1.2263  191.7514
    1.2546  190.6601
    1.2828  189.3990
    1.3111  187.9623
    1.3394  186.3471
    1.3677  184.5536
    1.3960  182.5847
    1.4243  180.4468
    1.4525  178.1489
    1.4808  175.7022
    1.5091  173.1198
    1.5374  170.4157
    1.5657  167.6036
    1.5940  164.6963
    1.6223  161.7046
    1.6505  158.6361
    1.6788  155.4946
    1.7071  152.2791
    1.7354  148.9839
    1.7637  145.5978
    1.7920  142.1046
    1.8202  138.4835
    1.8485  134.7100
    1.8768  130.7564
    1.9051  126.5935
    1.9334  122.1913
    1.9617  117.5208
    1.9899  112.5552
    2.0182  107.2708
    2.0465  101.6482
    2.0748   95.6735
    2.1031   89.3383
    2.1314   82.6412
    2.1597   75.5870
    2.1879   68.1877
    2.2162   60.4618
    2.2445   51.9299
    2.2728   43.1126
    2.3011   34.3758
    2.3294   25.7112
    2.3576   17.1057
    2.3859    8.5420
    2.4142   -0.0000
    2.4315    5.4312
    2.4489   10.8501
    2.4662   16.2443
    2.4835   21.6018
    2.5008   26.9107
    2.5181   32.1595
    2.5355   37.3369
    2.5528   42.4323
    2.5701   47.4354
    2.5874   52.3366
    2.6047   57.1270
    2.6221   61.7982
    2.6394   66.3426
    2.6567   70.7534
    2.6740   75.0245
    2.6913   79.1507
    2.7087   83.1275
    2.7260   86.9513
    2.7433   90.6192
    2.7606   94.1293
    2.7779   97.4803
    2.7953  100.6718
    2.8126  103.7040
    2.8299  106.5779
    2.8472  109.2950
    2.8645  111.8574
    2.8819  114.2681
    2.8992  116.5300
    2.9165  118.6469
    2.9338  120.6228
    2.9511  122.4618
    2.9685  124.1687
    2.9858  125.7479
    3.0031  127.2044
    3.0204  128.5430
    3.0378  129.7684
    3.0551  130.8855
    3.0724  131.8990
    3.0897  132.8132
    3.1070  133.6324
    3.1244  134.3607
    3.1417  135.0018
    3.1590  135.5592
    3.1763  136.0358
    3.1936  136.4344
    3.2110  136.7573
    3.2283  137.0065
    3.2456  137.1834
    3.2629  137.2891
    3.2802  137.3242
    3.2976  137.3970
    3.3149  137.6147
    3.3322  137.9760
    3.3495  138.4786
    3.3668  139.1191
    3.3842  139.8936
    3.4015  140.7970
    3.4188  141.8238
    3.4361  142.9675
    3.4534  144.2210
    3.4708  145.5768
    3.4881  147.0267
    3.5054  148.5621
    3.5227  150.1743
    3.5400  151.8539
    3.5574  153.5917
    3.5747  155.3781
    3.5920  157.2036
    3.6093  159.0587
    3.6266  160.9340
    3.6440  162.8202
    3.6613  164.7085
    3.6786  166.5900
    3.6959  168.4564
    3.7133  170.2997
    3.7306  172.1124
    3.7479  173.8875
    3.7652  175.6182
    3.7825  177.2987
    3.7999  178.9234
    3.8172  180.4873
    3.8345  181.9859
    3.8518  183.4156
    3.8691  184.7727
    3.8865  186.0546
    3.9038  187.2588
    3.9211  188.3834
    3.9384  189.4269
    3.9557  190.3881
    3.9731  191.2663
    3.9904  192.0608
    4.0077  192.7714
    4.0250  193.3979
    4.0423  193.9404
    4.0597  194.3990
    4.0770  194.7738
    4.0943  195.0651
    4.1116  195.2730
    4.1289  195.3976
    4.1463  195.4392
    4.1563  195.4571
    4.1663  195.5110
    4.1763  195.6006
    4.1863  195.7257
    4.1963  195.8859
    4.2063  196.0806
    4.2163  196.3094
    4.2263  196.5714
    4.2363  196.8658
    4.2463  197.1918
    4.2563  197.5482
    4.2663  197.9339
    4.2763  198.3476
    4.2863  198.7880
    4.2963  199.2535
    4.3063  199.7425
    4.3163  200.2533
    4.3263  200.7841
    4.3363  201.3330
    4.3463  201.8980
    4.3563  202.4770
    4.3663  203.0677
    4.3763  203.6680
    4.3863  204.2756
    4.3963  204.8880
    4.4063  205.5028
    4.4163  206.1176
    4.4263  206.7298
    4.4363  207.3371
    4.4463  207.9368
    4.4563  208.5265
    4.4663  209.1036
    4.4763  209.6658
    4.4863  210.2106
    4.4963  210.7356
    4.5063  211.2387
    4.5163  211.7175
    4.5263  212.1700
    4.5363  212.5942
    4.5463  212.9882
    4.5563  213.3503
    4.5663  213.6788
    4.5763  213.9722
    4.5863  214.2292
    4.5963  214.4487
    4.6063  214.6297
    4.6163  214.7713
    4.6263  214.8729
    4.6363  214.9341
    4.6463  214.9545
    4.6604  214.8241
    4.6745  214.4358
    4.6887  213.7981
    4.7028  212.9245
    4.7170  211.8315
    4.7311  210.5377
    4.7453  209.0629
    4.7594  207.4264
    4.7735  205.6470
    4.7877  203.7425
    4.8018  201.7292
    4.8160  199.6224
    4.8301  197.4364
    4.8443  195.1840
    4.8584  192.8776
    4.8725  190.5285
    4.8867  188.1475
    4.9008  185.7446
    4.9150  183.3295
    4.9291  180.9115
    4.9432  178.4993
    4.9574  176.1012
    4.9715  173.7255
    4.9857  171.3797
    4.9998  169.0711
    5.0140  166.8068
    5.0281  164.5933
    5.0422  162.4368
    5.0564  160.3433
    5.0705  158.3181
    5.0847  156.3663
    5.0988  154.4925
    5.1130  152.7011
    5.1271  150.9960
    5.1412  149.3805
    5.1554  147.8578
    5.1695  146.4308
    5.1837  145.1018
    5.1978  143.8729
    5.2119  142.7461
    5.2261  141.7227
    5.2402  140.8042
    5.2544  139.9915
    5.2685  139.2857
    5.2827  138.6874
    5.2968  138.1972
    5.3109  137.8155
    5.3251  137.5426
    5.3392  137.3788
    5.3534  137.3242

    0.0000    0.0000
    0.0200    6.0373
    0.0400   12.0731
    0.0600   18.1058
    0.0800   24.1330
    0.1000   30.1519
    0.1200   36.1587
    0.1400   42.1485
    0.1600   48.1156
    0.1800   54.0529
    0.2000   59.9526
    0.2200   65.8057
    0.2400   71.6027
    0.2600   77.3334
    0.2800   82.9873
    0.3000   88.5537
    0.3200   94.0224
    0.3400   99.3834
    0.3600  104.6275
    0.3800  109.7464
    0.4000  114.7330
    0.4200  119.5815
    0.4400  124.2872
    0.4600  128.8470
    0.4800  133.2591
    0.5000  137.5230
    0.5200  141.6391
    0.5400  145.6089
    0.5600  149.4347
    0.5800  153.1188
    0.6000  156.6640
    0.6200  160.0726
    0.6400  163.3465
    0.6600  166.4870
    0.6800  169.4940
    0.7000  172.3667
    0.7200  175.1027
    0.7400  177.6983
    0.7600  180.1485
    0.7800  182.4473
    0.8000  184.5873
    0.8200  186.5605
    0.8400  188.3583
    0.8600  189.9716
    0.8800  191.3916
    0.9000  192.6099
    0.9200  193.6185
    0.9400  194.4106
    0.9600  194.9806
    0.9800  195.3243
    1.0000  195.4392
    1.0283  196.0651
    1.0566  197.9131
    1.0849  200.8976
    1.1131  204.8862
    1.1414  209.7129
    1.1697  215.1921
    1.1980  221.1315
    1.2263  227.3427
    1.2546  233.6490
    1.2828  239.8899
    1.3111  245.9242
    1.3394  251.6312
    1.3677  256.9101
    1.3960  261.6797
    1.4243  265.8769
    1.4525  268.0572
    1.4808  262.6541
    1.5091  257.1116
    1.5374  251.4268
    1.5657  245.5925
    1.5940  239.5977
    1.6223  233.4291
    1.6505  227.0716
    1.6788  220.5105
    1.7071  213.7319
    1.7354  206.7242
    1.7637  199.4791
    1.7920  191.9923
    1.8202  184.2642
    1.8485  176.3001
    1.8768  168.1105
    1.9051  159.7106
    1.9334  151.1206
    1.9617  142.3644
    1.9899  133.4692
    2.0182  124.4646
    2.0465  115.3814
    2.0748  106.2504
    2.1031   97.1018
    2.1314   87.9631
    2.1597   78.8590
    2.1879   69.8096
    2.2162   60.8301
    2.2445   52.4341
    2.2728   44.1357
    2.3011   35.6029
    2.3294   26.8767
    2.3576   18.0019
    2.3859    9.0264
    2.4142    0.0000
    2.4315    5.4312
    2.4489   10.8501
    2.4662   16.2443
    2.4835   21.6018
    2.5008   26.9107
    2.5181   32.1595
    2.5355   37.3369
    2.5528   42.4323
    2.5701   47.4354
    2.5874   52.3366
    2.6047   57.1270
    2.6221   61.7982
    2.6394   66.3426
    2.6567   70.7534
    2.6740   75.0245
    2.6913   79.1507
    2.7087   83.1275
    2.7260   86.9513
    2.7433   90.6192
    2.7606   94.1293
    2.7779   97.4803
    2.7953  100.6718
    2.8126  103.7040
    2.8299  106.5779
    2.8472  109.2950
    2.8645  111.8574
    2.8819  114.2681
    2.8992  116.5300
    2.9165  118.6469
    2.9338  120.6228
    2.9511  122.4618
    2.9685  124.1687
    2.9858  125.7479
    3.0031  127.2044
    3.0204  128.5430
    3.0378  129.7684
    3.0551  130.8855
    3.0724  131.8990
    3.0897  132.8132
    3.1070  133.6324
    3.1244  134.3607
    3.1417  135.0018
    3.1590  135.5592
    3.1763  136.0358
    3.1936  136.4344
    3.2110  136.7573
    3.2283  137.0065
    3.2456  137.1834
    3.2629  137.2891
    3.2802  137.3242
    3.2976  137.5657
    3.3149  138.2863
    3.3322  139.4750
    3.3495  141.1143
    3.3668  143.1806
    3.3842  145.6453
    3.4015  148.4762
    3.4188  151.6382
    3.4361  155.0944
    3.4534  158.8067
    3.4708  162.7368
    3.4881  166.8461
    3.5054  171.0961
    3.5227  175.4487
    3.5400  179.8654
    3.5574  184.3077
    3.5747  188.7360
    3.5920  193.1092
    3.6093  197.3843
    3.6266  201.5149
    3.6440  205.4509
    3.6613  209.1379
    3.6786  212.5169
    3.6959  215.5262
    3.7133  218.1036
    3.7306  220.1923
    3.7479  221.7479
    3.7652  222.7461
    3.7825  223.1879
    3.7999  223.1012
    3.8172  222.5360
    3.8345  221.5570
    3.8518  220.2356
    3.8691  218.6432
    3.8865  216.8476
    3.9038  214.9101
    3.9211  212.8863
    3.9384  210.8254
    3.9557  208.7716
    3.9731  206.7644
    3.9904  204.8392
    4.0077  203.0280
    4.0250  201.3597
    4.0423  199.8599
    4.0597  198.5512
    4.0770  197.4531
    4.0943  196.5818
    4.1116  195.9501
    4.1289  195.5674
    4.1463  195.4392
    4.1563  195.4933
    4.1663  195.6555
    4.1763  195.9251
    4.1863  196.3009
    4.1963  196.7813
    4.2063  197.3644
    4.2163  198.0476
    4.2263  198.8283
    4.2363  199.7033
    4.2463  200.6690
    4.2563  201.7219
    4.2663  202.8578
    4.2763  204.0726
    4.2863  205.3619
    4.2963  206.7211
    4.3063  208.1457
    4.3163  209.6309
    4.3263  211.1719
    4.3363  212.7641
    4.3463  214.4026
    4.3563  216.0829
    4.3663  217.8002
    4.3763  219.5501
    4.3863  221.3282
    4.3963  223.1302
    4.4063  224.9520
    4.4163  226.7898
    4.4263  228.6397
    4.4363  230.4983
    4.4463  232.3621
    4.4563  234.2282
    4.4663  236.0935
    4.4763  237.9555
    4.4863  239.8116
    4.4963  241.6596
    4.5063  243.4976
    4.5163  245.3237
    4.5263  247.1364
    4.5363  248.9344
    4.5463  250.7166
    4.5563  252.4819
    4.5663  254.2298
    4.5763  255.9596
    4.5863  257.6710
    4.5963  259.3638
    4.6063  261.0379
    4.6163  262.6933
    4.6263  264.3303
    4.6363  265.9492
    4.6463  267.5502
    4.6604  267.4518
    4.6745  267.1567
    4.6887  266.6654
    4.7028  265.9790
    4.7170  265.0987
    4.7311  264.0261
    4.7453  262.7634
    4.7594  261.3129
    4.7735  259.6776
    4.7877  257.8605
    4.8018  255.8653
    4.8160  253.6961
    4.8301  251.3571
    4.8443  248.8533
    4.8584  246.1898
    4.8725  243.3725
    4.8867  240.4073
    4.9008  237.3010
    4.9150  234.0607
    4.9291  230.6938
    4.9432  227.2087
    4.9574  223.6139
    4.9715  219.9188
    4.9857  216.1332
    4.9998  212.2677
    5.0140  208.3337
    5.0281  204.3430
    5.0422  200.3084
    5.0564  196.2436
    5.0705  192.1631
    5.0847  188.0823
    5.0988  184.0176
    5.1130  179.9865
    5.1271  176.0074
    5.1412  172.0998
    5.1554  168.2844
    5.1695  164.5828
    5.1837  161.0176
    5.1978  157.6122
    5.2119  154.3906
    5.2261  151.3773
    5.2402  148.5968
    5.2544  146.0733
    5.2685  143.8302
    5.2827  141.8896
    5.2968  140.2715
    5.3109  138.9934
    5.3251  138.0698
    5.3392  137.5112
    5.3534  137.3242

    0.0000    0.0000
    0.0200   12.0873
    0.0400   24.1440
    0.0600   36.1395
    0.0800   48.0440
    0.1000   59.8282
    0.1200   71.4638
    0.1400   82.9235
    0.1600   94.1817
    0.1800  105.2143
    0.2000  115.9989
    0.2200  126.5153
    0.2400  136.7457
    0.2600  146.6745
    0.2800  156.2887
    0.3000  165.5783
    0.3200  174.5358
    0.3400  183.1566
    0.3600  191.4391
    0.3800  199.3843
    0.4000  206.9961
    0.4200  214.2807
    0.4400  221.2466
    0.4600  227.9045
    0.4800  234.2663
    0.5000  240.3455
    0.5200  246.1562
    0.5400  251.7128
    0.5600  257.0294
    0.5800  262.1195
    0.6000  266.9956
    0.6200  271.6682
    0.6400  276.1461
    0.6600  280.4358
    0.6800  284.5413
    0.7000  288.4636
    0.7200  292.2016
    0.7400  295.7512
    0.7600  299.1060
    0.7800  302.2574
    0.8000  305.1950
    0.8200  307.9072
    0.8400  310.3811
    0.8600  312.6038
    0.8800  314.5621
    0.9000  316.2434
    0.9200  317.6364
    0.9400  318.7310
    0.9600  319.5190
    0.9800  319.9942
    1.0000  320.1531
    1.0283  319.8974
    1.0566  319.1337
    1.0849  317.8718
    1.1131  316.1276
    1.1414  313.9226
    1.1697  311.2831
    1.1980  308.2393
    1.2263  304.8243
    1.2546  301.0727
    1.2828  297.0193
    1.3111  292.6982
    1.3394  288.1412
    1.3677  283.3769
    1.3960  278.4295
    1.4243  273.3184
    1.4525  269.4546
    1.4808  272.3804
    1.5091  274.6337
    1.5374  276.2046
    1.5657  277.0907
    1.5940  277.2956
    1.6223  276.8267
    1.6505  275.6933
    1.6788  273.9047
    1.7071  271.4692
    1.7354  268.3924
    1.7637  264.6769
    1.7920  260.3216
    1.8202  255.3219
    1.8485  249.6694
    1.8768  243.3535
    1.9051  236.3612
    1.9334  228.6792
    1.9617  220.2947
    1.9899  211.1968
    2.0182  201.3781
    2.0465  190.8358
    2.0748  179.5730
    2.1031  167.5998
    2.1314  154.9338
    2.1597  141.6013
    2.1879  127.6369
    2.2162  113.0839
    2.2445   97.9943
    2.2728   82.4279
    2.3011   66.4520
    2.3294   50.1403
    2.3576   33.5717
    2.3859   16.8296
    2.4142    0.0000
    2.4315   10.2600
    2.4489   20.5081
    2.4662   30.7326
    2.4835   40.9217
    2.5008   51.0638
    2.5181   61.1475
    2.5355   71.1614
    2.5528   81.0944
    2.5701   90.9358
    2.5874  100.6748
    2.6047  110.3012
    2.6221  119.8050
    2.6394  129.1764
    2.6567  138.4062
    2.6740  147.4851
    2.6913  156.4045
    2.7087  165.1560
    2.7260  173.7315
    2.7433  182.1233
    2.7606  190.3239
    2.7779  198.3263
    2.7953  206.1236
    2.8126  213.7091
    2.8299  221.0767
    2.8472  228.2203
    2.8645  235.1340
    2.8819  241.8122
    2.8992  248.2496
    2.9165  254.4410
    2.9338  260.3813
    2.9511  266.0657
    2.9685  271.4896
    2.9858  276.6484
    3.0031  281.5379
    3.0204  286.1538
    3.0378  290.4922
    3.0551  294.5493
    3.0724  298.3215
    3.0897  301.8054
    3.1070  304.9977
    3.1244  307.8954
    3.1417  310.4959
    3.1590  312.7965
    3.1763  314.7951
    3.1936  316.4896
    3.2110  317.8784
    3.2283  318.9601
    3.2456  319.7335
    3.2629  320.1978
    3.2802  320.3527
    3.2976  320.2769
    3.3149  320.0497
    3.3322  319.6725
    3.3495  319.1471
    3.3668  318.4763
    3.3842  317.6637
    3.4015  316.7135
    3.4188  315.6311
    3.4361  314.4227
    3.4534  313.0953
    3.4708  311.6572
    3.4881  310.1178
    3.5054  308.4881
    3.5227  306.7803
    3.5400  305.0090
    3.5574  303.1907
    3.5747  301.3450
    3.5920  299.4947
    3.6093  297.6667
    3.6266  295.8927
    3.6440  294.2100
    3.6613  292.6620
    3.6786  291.2977
    3.6959  290.1712
    3.7133  289.3379
    3.7306  288.8497
    3.7479  288.7475
    3.7652  289.0536
    3.7825  289.7663
    3.7999  290.8588
    3.8172  292.2836
    3.8345  293.9800
    3.8518  295.8821
    3.8691  297.9255
    3.8865  300.0509
    3.9038  302.2066
    3.9211  304.3481
    3.9384  306.4382
    3.9557  308.4459
    3.9731  310.3454
    3.9904  312.1155
    4.0077  313.7386
    4.0250  315.2001
    4.0423  316.4881
    4.0597  317.5930
    4.0770  318.5069
    4.0943  319.2238
    4.1116  319.7390
    4.1289  320.0494
    4.1463  320.1531
    4.1563  320.1211
    4.1663  320.0252
    4.1763  319.8658
    4.1863  319.6432
    4.1963  319.3582
    4.2063  319.0116
    4.2163  318.6044
    4.2263  318.1378
    4.2363  317.6131
    4.2463  317.0317
    4.2563  316.3954
    4.2663  315.7059
    4.2763  314.9649
    4.2863  314.1745
    4.2963  313.3367
    4.3063  312.4535
    4.3163  311.5270
    4.3263  310.5596
    4.3363  309.5533
    4.3463  308.5103
    4.3563  307.4327
    4.3663  306.3228
    4.3763  305.1826
    4.3863  304.0141
    4.3963  302.8193
    4.4063  301.6000
    4.4163  300.3579
    4.4263  299.0947
    4.4363  297.8120
    4.4463  296.5109
    4.4563  295.1929
    4.4663  293.8590
    4.4763  292.5102
    4.4863  291.1471
    4.4963  289.7706
    4.5063  288.3811
    4.5163  286.9789
    4.5263  285.5643
    4.5363  284.1373
    4.5463  282.6979
    4.5563  281.2460
    4.5663  279.7814
    4.5763  278.3036
    4.5863  276.8122
    4.5963  275.3068
    4.6063  273.7868
    4.6163  272.2518
    4.6263  270.7010
    4.6363  269.1340
    4.6463  267.5502
    4.6604  267.6440
    4.6745  267.9225
    4.6887  268.3781
    4.7028  268.9988
    4.7170  269.7697
    4.7311  270.6746
    4.7453  271.6966
    4.7594  272.8197
    4.7735  274.0287
    4.7877  275.3100
    4.8018  276.6516
    4.8160  278.0429
    4.8301  279.4749
    4.8443  280.9396
    4.8584  282.4303
    4.8725  283.9409
    4.8867  285.4664
    4.9008  287.0020
    4.9150  288.5435
    4.9291  290.0873
    4.9432  291.6295
    4.9574  293.1668
    4.9715  294.6958
    4.9857  296.2133
    4.9998  297.7159
    5.0140  299.2003
    5.0281  300.6632
    5.0422  302.1012
    5.0564  303.5107
    5.0705  304.8883
    5.0847  306.2303
    5.0988  307.5330
    5.1130  308.7929
    5.1271  310.0061
    5.1412  311.1689
    5.1554  312.2777
    5.1695  313.3288
    5.1837  314.3186
    5.1978  315.2436
    5.2119  316.1007
    5.2261  316.8865
    5.2402  317.5982
    5.2544  318.2330
    5.2685  318.7884
    5.2827  319.2623
    5.2968  319.6527
    5.3109  319.9580
    5.3251  320.1770
    5.3392  320.3087
    5.3534  320.3527

