   2.5000000000000001E-002  0.60870799631993489        2.8565573096247863     
   3   3   3
   1   1   1   1
   1   1   1   8.62066800000E-02
   2   1   1  -1.09731455556E-02
   3   1   1  -1.09731455556E-02
   1   2   1   3.17937777778E-03
   2   2   1   1.93069333333E-03
   3   2   1  -1.09731455556E-02
   1   3   1   3.17937777778E-03
   2   3   1  -1.09731455556E-02
   3   3   1   1.93069333333E-03
   1   1   2  -1.09731455556E-02
   2   1   2   1.93069333333E-03
   3   1   2   3.17937777778E-03
   1   2   2   1.93069333333E-03
   2   2   2   1.93069333333E-03
   3   2   2  -5.70674111111E-03
   1   3   2  -1.09731455556E-02
   2   3   2  -5.87444444444E-05
   3   3   2  -5.70674111111E-03
   1   1   3  -1.09731455556E-02
   2   1   3   3.17937777778E-03
   3   1   3   1.93069333333E-03
   1   2   3  -1.09731455556E-02
   2   2   3  -5.70674111111E-03
   3   2   3  -5.87444444444E-05
   1   3   3   1.93069333333E-03
   2   3   3  -5.70674111111E-03
   3   3   3   1.93069333333E-03
   1   2   1   1
   1   1   1   2.05596856412E-18
   2   1   1   0.00000000000E+00
   3   1   1   0.00000000000E+00
   1   2   1   0.00000000000E+00
   2   2   1  -3.74541111111E-04
   3   2   1  -2.22342755556E-02
   1   3   1   0.00000000000E+00
   2   3   1  -2.22342755556E-02
   3   3   1  -3.74541111111E-04
   1   1   2   2.22342755556E-02
   2   1   2   3.74541111111E-04
   3   1   2   1.92747052886E-19
   1   2   2   3.74541111111E-04
   2   2   2  -3.74541111111E-04
   3   2   2  -9.73722425107E-20
   1   3   2   0.00000000000E+00
   2   3   2   9.73722425107E-20
   3   3   2   4.17618614587E-19
   1   1   3   2.22342755556E-02
   2   1   3   1.92747052886E-19
   3   1   3   3.74541111111E-04
   1   2   3   0.00000000000E+00
   2   2   3   4.17618614587E-19
   3   2   3   9.73722425107E-20
   1   3   3   3.74541111111E-04
   2   3   3  -9.73722425107E-20
   3   3   3  -3.74541111111E-04
   1   3   1   1
   1   1   1   0.00000000000E+00
   2   1   1   2.22342755556E-02
   3   1   1   2.22342755556E-02
   1   2   1   0.00000000000E+00
   2   2   1   3.74541111111E-04
   3   2   1   5.13992141030E-19
   1   3   1   0.00000000000E+00
   2   3   1   5.13992141030E-19
   3   3   1   3.74541111111E-04
   1   1   2   0.00000000000E+00
   2   1   2   3.74541111111E-04
   3   1   2  -5.13992141030E-19
   1   2   2  -3.74541111111E-04
   2   2   2  -3.74541111111E-04
   3   2   2  -2.56996070515E-19
   1   3   2  -2.22342755556E-02
   2   3   2  -2.56996070515E-19
   3   3   2  -2.56996070515E-19
   1   1   3   0.00000000000E+00
   2   1   3  -5.13992141030E-19
   3   1   3   3.74541111111E-04
   1   2   3  -2.22342755556E-02
   2   2   3  -2.56996070515E-19
   3   2   3  -2.56996070515E-19
   1   3   3  -3.74541111111E-04
   2   3   3  -2.56996070515E-19
   3   3   3  -3.74541111111E-04
   2   1   1   1
   1   1   1   2.05596856412E-18
   2   1   1   0.00000000000E+00
   3   1   1   0.00000000000E+00
   1   2   1   0.00000000000E+00
   2   2   1  -3.74541111111E-04
   3   2   1  -2.22342755556E-02
   1   3   1   0.00000000000E+00
   2   3   1  -2.22342755556E-02
   3   3   1  -3.74541111111E-04
   1   1   2   2.22342755556E-02
   2   1   2   3.74541111111E-04
   3   1   2   1.92747052886E-19
   1   2   2   3.74541111111E-04
   2   2   2  -3.74541111111E-04
   3   2   2  -9.73722425107E-20
   1   3   2   0.00000000000E+00
   2   3   2   9.73722425107E-20
   3   3   2   4.17618614587E-19
   1   1   3   2.22342755556E-02
   2   1   3   1.92747052886E-19
   3   1   3   3.74541111111E-04
   1   2   3   0.00000000000E+00
   2   2   3   4.17618614587E-19
   3   2   3   9.73722425107E-20
   1   3   3   3.74541111111E-04
   2   3   3  -9.73722425107E-20
   3   3   3  -3.74541111111E-04
   2   2   1   1
   1   1   1   8.62066800000E-02
   2   1   1   3.17937777778E-03
   3   1   1   3.17937777778E-03
   1   2   1  -1.09731455556E-02
   2   2   1   1.93069333333E-03
   3   2   1  -1.09731455556E-02
   1   3   1  -1.09731455556E-02
   2   3   1  -1.09731455556E-02
   3   3   1   1.93069333333E-03
   1   1   2  -1.09731455556E-02
   2   1   2   1.93069333333E-03
   3   1   2  -1.09731455556E-02
   1   2   2   1.93069333333E-03
   2   2   2   1.93069333333E-03
   3   2   2  -5.87444444444E-05
   1   3   2   3.17937777778E-03
   2   3   2  -5.70674111111E-03
   3   3   2  -5.70674111111E-03
   1   1   3  -1.09731455556E-02
   2   1   3  -1.09731455556E-02
   3   1   3   1.93069333333E-03
   1   2   3   3.17937777778E-03
   2   2   3  -5.70674111111E-03
   3   2   3  -5.70674111111E-03
   1   3   3   1.93069333333E-03
   2   3   3  -5.87444444444E-05
   3   3   3   1.93069333333E-03
   2   3   1   1
   1   1   1   0.00000000000E+00
   2   1   1   0.00000000000E+00
   3   1   1   0.00000000000E+00
   1   2   1  -2.22342755556E-02
   2   2   1  -3.74541111111E-04
   3   2   1  -1.92747052886E-19
   1   3   1  -2.22342755556E-02
   2   3   1  -1.92747052886E-19
   3   3   1  -3.74541111111E-04
   1   1   2   0.00000000000E+00
   2   1   2   3.74541111111E-04
   3   1   2   2.22342755556E-02
   1   2   2  -3.74541111111E-04
   2   2   2   3.74541111111E-04
   3   2   2   4.16310894693E-19
   1   3   2  -5.13992141030E-19
   2   3   2  -2.23563841806E-19
   3   3   2   2.24871561701E-19
   1   1   3   0.00000000000E+00
   2   1   3   2.22342755556E-02
   3   1   3   3.74541111111E-04
   1   2   3  -5.13992141030E-19
   2   2   3   2.24871561701E-19
   3   2   3  -2.23563841806E-19
   1   3   3  -3.74541111111E-04
   2   3   3   4.16310894693E-19
   3   3   3   3.74541111111E-04
   3   1   1   1
   1   1   1   0.00000000000E+00
   2   1   1   2.22342755556E-02
   3   1   1   2.22342755556E-02
   1   2   1   0.00000000000E+00
   2   2   1   3.74541111111E-04
   3   2   1   5.13992141030E-19
   1   3   1   0.00000000000E+00
   2   3   1   5.13992141030E-19
   3   3   1   3.74541111111E-04
   1   1   2   0.00000000000E+00
   2   1   2   3.74541111111E-04
   3   1   2  -5.13992141030E-19
   1   2   2  -3.74541111111E-04
   2   2   2  -3.74541111111E-04
   3   2   2  -2.56996070515E-19
   1   3   2  -2.22342755556E-02
   2   3   2  -2.56996070515E-19
   3   3   2  -2.56996070515E-19
   1   1   3   0.00000000000E+00
   2   1   3  -5.13992141030E-19
   3   1   3   3.74541111111E-04
   1   2   3  -2.22342755556E-02
   2   2   3  -2.56996070515E-19
   3   2   3  -2.56996070515E-19
   1   3   3  -3.74541111111E-04
   2   3   3  -2.56996070515E-19
   3   3   3  -3.74541111111E-04
   3   2   1   1
   1   1   1   0.00000000000E+00
   2   1   1   0.00000000000E+00
   3   1   1   0.00000000000E+00
   1   2   1  -2.22342755556E-02
   2   2   1  -3.74541111111E-04
   3   2   1  -1.92747052886E-19
   1   3   1  -2.22342755556E-02
   2   3   1  -1.92747052886E-19
   3   3   1  -3.74541111111E-04
   1   1   2   0.00000000000E+00
   2   1   2   3.74541111111E-04
   3   1   2   2.22342755556E-02
   1   2   2  -3.74541111111E-04
   2   2   2   3.74541111111E-04
   3   2   2   4.16310894693E-19
   1   3   2  -5.13992141030E-19
   2   3   2  -2.23563841806E-19
   3   3   2   2.24871561701E-19
   1   1   3   0.00000000000E+00
   2   1   3   2.22342755556E-02
   3   1   3   3.74541111111E-04
   1   2   3  -5.13992141030E-19
   2   2   3   2.24871561701E-19
   3   2   3  -2.23563841806E-19
   1   3   3  -3.74541111111E-04
   2   3   3   4.16310894693E-19
   3   3   3   3.74541111111E-04
   3   3   1   1
   1   1   1   8.62066800000E-02
   2   1   1  -1.09731455556E-02
   3   1   1  -1.09731455556E-02
   1   2   1  -1.09731455556E-02
   2   2   1   1.93069333333E-03
   3   2   1   3.17937777778E-03
   1   3   1  -1.09731455556E-02
   2   3   1   3.17937777778E-03
   3   3   1   1.93069333333E-03
   1   1   2   3.17937777778E-03
   2   1   2   1.93069333333E-03
   3   1   2  -1.09731455556E-02
   1   2   2   1.93069333333E-03
   2   2   2   1.93069333333E-03
   3   2   2  -5.70674111111E-03
   1   3   2  -1.09731455556E-02
   2   3   2  -5.70674111111E-03
   3   3   2  -5.87444444444E-05
   1   1   3   3.17937777778E-03
   2   1   3  -1.09731455556E-02
   3   1   3   1.93069333333E-03
   1   2   3  -1.09731455556E-02
   2   2   3  -5.87444444444E-05
   3   2   3  -5.70674111111E-03
   1   3   3   1.93069333333E-03
   2   3   3  -5.70674111111E-03
   3   3   3   1.93069333333E-03
