   2.9999999999999999E-002  0.60871090577810549        2.8079912145752157     
   3   3   3
   1   1   1   1
   1   1   1   8.19926296296E-02
   2   1   1  -1.07156281481E-02
   3   1   1  -1.07156281481E-02
   1   2   1   3.33009185185E-03
   2   2   1   1.29505962963E-03
   3   2   1  -1.07156281481E-02
   1   3   1   3.33009185185E-03
   2   3   1  -1.07156281481E-02
   3   3   1   1.29505962963E-03
   1   1   2  -1.07156281481E-02
   2   1   2   1.29505962963E-03
   3   1   2   3.33009185185E-03
   1   2   2   1.29505962963E-03
   2   2   2   1.29505962963E-03
   3   2   2  -3.94136925926E-03
   1   3   2  -1.07156281481E-02
   2   3   2   6.12640740741E-05
   3   3   2  -3.94136925926E-03
   1   1   3  -1.07156281481E-02
   2   1   3   3.33009185185E-03
   3   1   3   1.29505962963E-03
   1   2   3  -1.07156281481E-02
   2   2   3  -3.94136925926E-03
   3   2   3   6.12640740741E-05
   1   3   3   1.29505962963E-03
   2   3   3  -3.94136925926E-03
   3   3   3   1.29505962963E-03
   1   2   1   1
   1   1   1   0.00000000000E+00
   2   1   1   0.00000000000E+00
   3   1   1   0.00000000000E+00
   1   2   1   0.00000000000E+00
   2   2   1  -6.04133333333E-05
   3   2   1  -2.02831100000E-02
   1   3   1   0.00000000000E+00
   2   3   1  -2.02831100000E-02
   3   3   1  -6.04133333333E-05
   1   1   2   2.02831100000E-02
   2   1   2   6.04133333333E-05
   3   1   2  -7.62957084342E-20
   1   2   2   6.04133333333E-05
   2   2   2  -6.04133333333E-05
   3   2   2   4.17309610760E-20
   1   3   2   4.01556360180E-21
   2   3   2  -4.17309610760E-20
   3   3   2   5.50132213446E-19
   1   1   3   2.02831100000E-02
   2   1   3  -7.62957084342E-20
   3   1   3   6.04133333333E-05
   1   2   3   4.01556360180E-21
   2   2   3   5.50132213446E-19
   3   2   3  -4.17309610760E-20
   1   3   3   6.04133333333E-05
   2   3   3   4.17309610760E-20
   3   3   3  -6.04133333333E-05
   1   3   1   1
   1   1   1   0.00000000000E+00
   2   1   1   2.02831100000E-02
   3   1   1   2.02831100000E-02
   1   2   1   0.00000000000E+00
   2   2   1   6.04133333333E-05
   3   2   1   4.01556360180E-21
   1   3   1   0.00000000000E+00
   2   3   1   4.01556360180E-21
   3   3   1   6.04133333333E-05
   1   1   2   0.00000000000E+00
   2   1   2   6.04133333333E-05
   3   1   2  -5.09976577428E-19
   1   2   2  -6.04133333333E-05
   2   2   2  -6.04133333333E-05
   3   2   2  -2.00778180090E-21
   1   3   2  -2.02831100000E-02
   2   3   2  -2.00778180090E-21
   3   3   2  -4.01556360180E-21
   1   1   3   0.00000000000E+00
   2   1   3  -5.09976577428E-19
   3   1   3   6.04133333333E-05
   1   2   3  -2.02831100000E-02
   2   2   3  -4.01556360180E-21
   3   2   3  -2.00778180090E-21
   1   3   3  -6.04133333333E-05
   2   3   3  -2.00778180090E-21
   3   3   3  -6.04133333333E-05
   2   1   1   1
   1   1   1   0.00000000000E+00
   2   1   1   0.00000000000E+00
   3   1   1   0.00000000000E+00
   1   2   1   0.00000000000E+00
   2   2   1  -6.04133333333E-05
   3   2   1  -2.02831100000E-02
   1   3   1   0.00000000000E+00
   2   3   1  -2.02831100000E-02
   3   3   1  -6.04133333333E-05
   1   1   2   2.02831100000E-02
   2   1   2   6.04133333333E-05
   3   1   2  -7.62957084342E-20
   1   2   2   6.04133333333E-05
   2   2   2  -6.04133333333E-05
   3   2   2   4.17309610760E-20
   1   3   2   4.01556360180E-21
   2   3   2  -4.17309610760E-20
   3   3   2   5.50132213446E-19
   1   1   3   2.02831100000E-02
   2   1   3  -7.62957084342E-20
   3   1   3   6.04133333333E-05
   1   2   3   4.01556360180E-21
   2   2   3   5.50132213446E-19
   3   2   3  -4.17309610760E-20
   1   3   3   6.04133333333E-05
   2   3   3   4.17309610760E-20
   3   3   3  -6.04133333333E-05
   2   2   1   1
   1   1   1   8.19926296296E-02
   2   1   1   3.33009185185E-03
   3   1   1   3.33009185185E-03
   1   2   1  -1.07156281481E-02
   2   2   1   1.29505962963E-03
   3   2   1  -1.07156281481E-02
   1   3   1  -1.07156281481E-02
   2   3   1  -1.07156281481E-02
   3   3   1   1.29505962963E-03
   1   1   2  -1.07156281481E-02
   2   1   2   1.29505962963E-03
   3   1   2  -1.07156281481E-02
   1   2   2   1.29505962963E-03
   2   2   2   1.29505962963E-03
   3   2   2   6.12640740741E-05
   1   3   2   3.33009185185E-03
   2   3   2  -3.94136925926E-03
   3   3   2  -3.94136925926E-03
   1   1   3  -1.07156281481E-02
   2   1   3  -1.07156281481E-02
   3   1   3   1.29505962963E-03
   1   2   3   3.33009185185E-03
   2   2   3  -3.94136925926E-03
   3   2   3  -3.94136925926E-03
   1   3   3   1.29505962963E-03
   2   3   3   6.12640740741E-05
   3   3   3   1.29505962963E-03
   2   3   1   1
   1   1   1   0.00000000000E+00
   2   1   1   0.00000000000E+00
   3   1   1   0.00000000000E+00
   1   2   1  -2.02831100000E-02
   2   2   1  -6.04133333333E-05
   3   2   1   7.62957084342E-20
   1   3   1  -2.02831100000E-02
   2   3   1   7.62957084342E-20
   3   3   1  -6.04133333333E-05
   1   1   2   0.00000000000E+00
   2   1   2   6.04133333333E-05
   3   1   2   2.02831100000E-02
   1   2   2  -6.04133333333E-05
   2   2   2   6.04133333333E-05
   3   2   2   1.42686310446E-19
   1   3   2   5.09976577428E-19
   2   3   2  -2.18982018880E-19
   3   3   2   2.24871561701E-19
   1   1   3   0.00000000000E+00
   2   1   3   2.02831100000E-02
   3   1   3   6.04133333333E-05
   1   2   3   5.09976577428E-19
   2   2   3   2.24871561701E-19
   3   2   3  -2.18982018880E-19
   1   3   3  -6.04133333333E-05
   2   3   3   1.42686310446E-19
   3   3   3   6.04133333333E-05
   3   1   1   1
   1   1   1   0.00000000000E+00
   2   1   1   2.02831100000E-02
   3   1   1   2.02831100000E-02
   1   2   1   0.00000000000E+00
   2   2   1   6.04133333333E-05
   3   2   1   4.01556360180E-21
   1   3   1   0.00000000000E+00
   2   3   1   4.01556360180E-21
   3   3   1   6.04133333333E-05
   1   1   2   0.00000000000E+00
   2   1   2   6.04133333333E-05
   3   1   2  -5.09976577428E-19
   1   2   2  -6.04133333333E-05
   2   2   2  -6.04133333333E-05
   3   2   2  -2.00778180090E-21
   1   3   2  -2.02831100000E-02
   2   3   2  -2.00778180090E-21
   3   3   2  -4.01556360180E-21
   1   1   3   0.00000000000E+00
   2   1   3  -5.09976577428E-19
   3   1   3   6.04133333333E-05
   1   2   3  -2.02831100000E-02
   2   2   3  -4.01556360180E-21
   3   2   3  -2.00778180090E-21
   1   3   3  -6.04133333333E-05
   2   3   3  -2.00778180090E-21
   3   3   3  -6.04133333333E-05
   3   2   1   1
   1   1   1   0.00000000000E+00
   2   1   1   0.00000000000E+00
   3   1   1   0.00000000000E+00
   1   2   1  -2.02831100000E-02
   2   2   1  -6.04133333333E-05
   3   2   1   7.62957084342E-20
   1   3   1  -2.02831100000E-02
   2   3   1   7.62957084342E-20
   3   3   1  -6.04133333333E-05
   1   1   2   0.00000000000E+00
   2   1   2   6.04133333333E-05
   3   1   2   2.02831100000E-02
   1   2   2  -6.04133333333E-05
   2   2   2   6.04133333333E-05
   3   2   2   1.42686310446E-19
   1   3   2   5.09976577428E-19
   2   3   2  -2.18982018880E-19
   3   3   2   2.24871561701E-19
   1   1   3   0.00000000000E+00
   2   1   3   2.02831100000E-02
   3   1   3   6.04133333333E-05
   1   2   3   5.09976577428E-19
   2   2   3   2.24871561701E-19
   3   2   3  -2.18982018880E-19
   1   3   3  -6.04133333333E-05
   2   3   3   1.42686310446E-19
   3   3   3   6.04133333333E-05
   3   3   1   1
   1   1   1   8.19926296296E-02
   2   1   1  -1.07156281481E-02
   3   1   1  -1.07156281481E-02
   1   2   1  -1.07156281481E-02
   2   2   1   1.29505962963E-03
   3   2   1   3.33009185185E-03
   1   3   1  -1.07156281481E-02
   2   3   1   3.33009185185E-03
   3   3   1   1.29505962963E-03
   1   1   2   3.33009185185E-03
   2   1   2   1.29505962963E-03
   3   1   2  -1.07156281481E-02
   1   2   2   1.29505962963E-03
   2   2   2   1.29505962963E-03
   3   2   2  -3.94136925926E-03
   1   3   2  -1.07156281481E-02
   2   3   2  -3.94136925926E-03
   3   3   2   6.12640740741E-05
   1   1   3   3.33009185185E-03
   2   1   3  -1.07156281481E-02
   3   1   3   1.29505962963E-03
   1   2   3  -1.07156281481E-02
   2   2   3   6.12640740741E-05
   3   2   3  -3.94136925926E-03
   1   3   3   1.29505962963E-03
   2   3   3  -3.94136925926E-03
   3   3   3   1.29505962963E-03
