   5.0000000000000001E-003  0.60895730702693762        4.6561318783922232     
   3   3   3
   1   1   1   1
   1   1   1   4.05644654815E-01
   2   1   1  -4.58649585185E-02
   3   1   1  -4.58649585185E-02
   1   2   1   9.48306148148E-03
   2   2   1   1.23263748148E-02
   3   2   1  -4.58649585185E-02
   1   3   1   9.48306148148E-03
   2   3   1  -4.58649585185E-02
   3   3   1   1.23263748148E-02
   1   1   2  -4.58649585185E-02
   2   1   2   1.23263748148E-02
   3   1   2   9.48306148148E-03
   1   2   2   1.23263748148E-02
   2   2   2   1.23263748148E-02
   3   2   2   2.33583281481E-02
   1   3   2  -4.58649585185E-02
   2   3   2  -1.34350771852E-01
   3   3   2   2.33583281481E-02
   1   1   3  -4.58649585185E-02
   2   1   3   9.48306148148E-03
   3   1   3   1.23263748148E-02
   1   2   3  -4.58649585185E-02
   2   2   3   2.33583281481E-02
   3   2   3  -1.34350771852E-01
   1   3   3   1.23263748148E-02
   2   3   3   2.33583281481E-02
   3   3   3   1.23263748148E-02
   1   2   1   1
   1   1   1   0.00000000000E+00
   2   1   1   0.00000000000E+00
   3   1   1   0.00000000000E+00
   1   2   1   0.00000000000E+00
   2   2   1   2.23862511111E-02
   3   2   1  -1.48248361111E-01
   1   3   1   0.00000000000E+00
   2   3   1  -1.48248361111E-01
   3   3   1   2.23862511111E-02
   1   1   2   1.48248361111E-01
   2   1   2  -2.23862511111E-02
   3   1   2   0.00000000000E+00
   1   2   2  -2.23862511111E-02
   2   2   2   2.23862511111E-02
   3   2   2  -9.11413475944E-18
   1   3   2  -4.11193712824E-18
   2   3   2  -7.33361375353E-18
   3   3   2  -2.05596856412E-18
   1   1   3   1.48248361111E-01
   2   1   3   0.00000000000E+00
   3   1   3  -2.23862511111E-02
   1   2   3  -4.11193712824E-18
   2   2   3  -2.05596856412E-18
   3   2   3  -7.33361375353E-18
   1   3   3  -2.23862511111E-02
   2   3   3  -9.11413475944E-18
   3   3   3   2.23862511111E-02
   1   3   1   1
   1   1   1  -4.11193712824E-18
   2   1   1   1.48248361111E-01
   3   1   1   1.48248361111E-01
   1   2   1   0.00000000000E+00
   2   2   1  -2.23862511111E-02
   3   2   1   2.05596856412E-18
   1   3   1   0.00000000000E+00
   2   3   1   2.05596856412E-18
   3   3   1  -2.23862511111E-02
   1   1   2   2.05596856412E-18
   2   1   2  -2.23862511111E-02
   3   1   2  -2.05596856412E-18
   1   2   2   2.23862511111E-02
   2   2   2   2.23862511111E-02
   3   2   2  -2.80850528797E-18
   1   3   2  -1.48248361111E-01
   2   3   2   7.52536723850E-19
   3   3   2   0.00000000000E+00
   1   1   3   2.05596856412E-18
   2   1   3  -2.05596856412E-18
   3   1   3  -2.23862511111E-02
   1   2   3  -1.48248361111E-01
   2   2   3   0.00000000000E+00
   3   2   3   7.52536723850E-19
   1   3   3   2.23862511111E-02
   2   3   3  -2.80850528797E-18
   3   3   3   2.23862511111E-02
   2   1   1   1
   1   1   1   0.00000000000E+00
   2   1   1   0.00000000000E+00
   3   1   1   0.00000000000E+00
   1   2   1   0.00000000000E+00
   2   2   1   2.23862511111E-02
   3   2   1  -1.48248361111E-01
   1   3   1   0.00000000000E+00
   2   3   1  -1.48248361111E-01
   3   3   1   2.23862511111E-02
   1   1   2   1.48248361111E-01
   2   1   2  -2.23862511111E-02
   3   1   2   0.00000000000E+00
   1   2   2  -2.23862511111E-02
   2   2   2   2.23862511111E-02
   3   2   2  -9.11413475944E-18
   1   3   2  -4.11193712824E-18
   2   3   2  -7.33361375353E-18
   3   3   2  -2.05596856412E-18
   1   1   3   1.48248361111E-01
   2   1   3   0.00000000000E+00
   3   1   3  -2.23862511111E-02
   1   2   3  -4.11193712824E-18
   2   2   3  -2.05596856412E-18
   3   2   3  -7.33361375353E-18
   1   3   3  -2.23862511111E-02
   2   3   3  -9.11413475944E-18
   3   3   3   2.23862511111E-02
   2   2   1   1
   1   1   1   4.05644654815E-01
   2   1   1   9.48306148148E-03
   3   1   1   9.48306148148E-03
   1   2   1  -4.58649585185E-02
   2   2   1   1.23263748148E-02
   3   2   1  -4.58649585185E-02
   1   3   1  -4.58649585185E-02
   2   3   1  -4.58649585185E-02
   3   3   1   1.23263748148E-02
   1   1   2  -4.58649585185E-02
   2   1   2   1.23263748148E-02
   3   1   2  -4.58649585185E-02
   1   2   2   1.23263748148E-02
   2   2   2   1.23263748148E-02
   3   2   2  -1.34350771852E-01
   1   3   2   9.48306148148E-03
   2   3   2   2.33583281481E-02
   3   3   2   2.33583281481E-02
   1   1   3  -4.58649585185E-02
   2   1   3  -4.58649585185E-02
   3   1   3   1.23263748148E-02
   1   2   3   9.48306148148E-03
   2   2   3   2.33583281481E-02
   3   2   3   2.33583281481E-02
   1   3   3   1.23263748148E-02
   2   3   3  -1.34350771852E-01
   3   3   3   1.23263748148E-02
   2   3   1   1
   1   1   1  -6.16790569236E-18
   2   1   1   0.00000000000E+00
   3   1   1   0.00000000000E+00
   1   2   1  -1.48248361111E-01
   2   2   1   2.23862511111E-02
   3   2   1   0.00000000000E+00
   1   3   1  -1.48248361111E-01
   2   3   1   0.00000000000E+00
   3   3   1   2.23862511111E-02
   1   1   2   3.08395284618E-18
   2   1   2  -2.23862511111E-02
   3   1   2   1.48248361111E-01
   1   2   2   2.23862511111E-02
   2   2   2  -2.23862511111E-02
   3   2   2   8.90260502955E-19
   1   3   2   2.05596856412E-18
   2   3   2  -8.90260502955E-19
   3   3   2   0.00000000000E+00
   1   1   3   3.08395284618E-18
   2   1   3   1.48248361111E-01
   3   1   3  -2.23862511111E-02
   1   2   3   2.05596856412E-18
   2   2   3   0.00000000000E+00
   3   2   3  -8.90260502955E-19
   1   3   3   2.23862511111E-02
   2   3   3   8.90260502955E-19
   3   3   3  -2.23862511111E-02
   3   1   1   1
   1   1   1  -4.11193712824E-18
   2   1   1   1.48248361111E-01
   3   1   1   1.48248361111E-01
   1   2   1   0.00000000000E+00
   2   2   1  -2.23862511111E-02
   3   2   1   2.05596856412E-18
   1   3   1   0.00000000000E+00
   2   3   1   2.05596856412E-18
   3   3   1  -2.23862511111E-02
   1   1   2   2.05596856412E-18
   2   1   2  -2.23862511111E-02
   3   1   2  -2.05596856412E-18
   1   2   2   2.23862511111E-02
   2   2   2   2.23862511111E-02
   3   2   2  -2.80850528797E-18
   1   3   2  -1.48248361111E-01
   2   3   2   7.52536723850E-19
   3   3   2   0.00000000000E+00
   1   1   3   2.05596856412E-18
   2   1   3  -2.05596856412E-18
   3   1   3  -2.23862511111E-02
   1   2   3  -1.48248361111E-01
   2   2   3   0.00000000000E+00
   3   2   3   7.52536723850E-19
   1   3   3   2.23862511111E-02
   2   3   3  -2.80850528797E-18
   3   3   3   2.23862511111E-02
   3   2   1   1
   1   1   1  -6.16790569236E-18
   2   1   1   0.00000000000E+00
   3   1   1   0.00000000000E+00
   1   2   1  -1.48248361111E-01
   2   2   1   2.23862511111E-02
   3   2   1   0.00000000000E+00
   1   3   1  -1.48248361111E-01
   2   3   1   0.00000000000E+00
   3   3   1   2.23862511111E-02
   1   1   2   3.08395284618E-18
   2   1   2  -2.23862511111E-02
   3   1   2   1.48248361111E-01
   1   2   2   2.23862511111E-02
   2   2   2  -2.23862511111E-02
   3   2   2   8.90260502955E-19
   1   3   2   2.05596856412E-18
   2   3   2  -8.90260502955E-19
   3   3   2   0.00000000000E+00
   1   1   3   3.08395284618E-18
   2   1   3   1.48248361111E-01
   3   1   3  -2.23862511111E-02
   1   2   3   2.05596856412E-18
   2   2   3   0.00000000000E+00
   3   2   3  -8.90260502955E-19
   1   3   3   2.23862511111E-02
   2   3   3   8.90260502955E-19
   3   3   3  -2.23862511111E-02
   3   3   1   1
   1   1   1   4.05644654815E-01
   2   1   1  -4.58649585185E-02
   3   1   1  -4.58649585185E-02
   1   2   1  -4.58649585185E-02
   2   2   1   1.23263748148E-02
   3   2   1   9.48306148148E-03
   1   3   1  -4.58649585185E-02
   2   3   1   9.48306148148E-03
   3   3   1   1.23263748148E-02
   1   1   2   9.48306148148E-03
   2   1   2   1.23263748148E-02
   3   1   2  -4.58649585185E-02
   1   2   2   1.23263748148E-02
   2   2   2   1.23263748148E-02
   3   2   2   2.33583281481E-02
   1   3   2  -4.58649585185E-02
   2   3   2   2.33583281481E-02
   3   3   2  -1.34350771852E-01
   1   1   3   9.48306148148E-03
   2   1   3  -4.58649585185E-02
   3   1   3   1.23263748148E-02
   1   2   3  -4.58649585185E-02
   2   2   3  -1.34350771852E-01
   3   2   3   2.33583281481E-02
   1   3   3   1.23263748148E-02
   2   3   3   2.33583281481E-02
   3   3   3   1.23263748148E-02
