   5.0000000000000003E-002  0.60878937783087606        2.6982451679286812     
   3   3   3
   1   1   1   1
   1   1   1   7.69933166667E-02
   2   1   1  -1.19417388889E-02
   3   1   1  -1.19417388889E-02
   1   2   1   6.20799888889E-03
   2   2   1  -6.77071111111E-04
   3   2   1  -1.19417388889E-02
   1   3   1   6.20799888889E-03
   2   3   1  -1.19417388889E-02
   3   3   1  -6.77071111111E-04
   1   1   2  -1.19417388889E-02
   2   1   2  -6.77071111111E-04
   3   1   2   6.20799888889E-03
   1   2   2  -6.77071111111E-04
   2   2   2  -6.77071111111E-04
   3   2   2   8.10027777778E-04
   1   3   2  -1.19417388889E-02
   2   3   2   6.65063333333E-04
   3   3   2   8.10027777778E-04
   1   1   3  -1.19417388889E-02
   2   1   3   6.20799888889E-03
   3   1   3  -6.77071111111E-04
   1   2   3  -1.19417388889E-02
   2   2   3   8.10027777778E-04
   3   2   3   6.65063333333E-04
   1   3   3  -6.77071111111E-04
   2   3   3   8.10027777778E-04
   3   3   3  -6.77071111111E-04
   1   2   1   1
   1   1   1  -2.05596856412E-18
   2   1   1   0.00000000000E+00
   3   1   1   0.00000000000E+00
   1   2   1   0.00000000000E+00
   2   2   1   4.47501111111E-04
   3   2   1  -1.65800577778E-02
   1   3   1   0.00000000000E+00
   2   3   1  -1.65800577778E-02
   3   3   1   4.47501111111E-04
   1   1   2   1.65800577778E-02
   2   1   2  -4.47501111111E-04
   3   1   2   2.56996070515E-19
   1   2   2  -4.47501111111E-04
   2   2   2   4.47501111111E-04
   3   2   2  -1.16708748565E-18
   1   3   2   3.53369596958E-19
   2   3   2  -8.88881078474E-19
   3   3   2  -2.24871561701E-19
   1   1   3   1.65800577778E-02
   2   1   3   2.56996070515E-19
   3   1   3  -4.47501111111E-04
   1   2   3   3.53369596958E-19
   2   2   3  -2.24871561701E-19
   3   2   3  -8.88881078474E-19
   1   3   3  -4.47501111111E-04
   2   3   3  -1.16708748565E-18
   3   3   3   4.47501111111E-04
   1   3   1   1
   1   1   1   2.56996070515E-19
   2   1   1   1.65800577778E-02
   3   1   1   1.65800577778E-02
   1   2   1   0.00000000000E+00
   2   2   1  -4.47501111111E-04
   3   2   1   9.63735264432E-20
   1   3   1   0.00000000000E+00
   2   3   1   9.63735264432E-20
   3   3   1  -4.47501111111E-04
   1   1   2  -1.28498035258E-19
   2   1   2  -4.47501111111E-04
   3   1   2   6.10365667473E-19
   1   2   2   4.47501111111E-04
   2   2   2   4.47501111111E-04
   3   2   2   1.46557721800E-19
   1   3   2  -1.65800577778E-02
   2   3   2  -2.42931248243E-19
   3   3   2  -2.24871561701E-19
   1   1   3  -1.28498035258E-19
   2   1   3   6.10365667473E-19
   3   1   3  -4.47501111111E-04
   1   2   3  -1.65800577778E-02
   2   2   3  -2.24871561701E-19
   3   2   3  -2.42931248243E-19
   1   3   3   4.47501111111E-04
   2   3   3   1.46557721800E-19
   3   3   3   4.47501111111E-04
   2   1   1   1
   1   1   1  -2.05596856412E-18
   2   1   1   0.00000000000E+00
   3   1   1   0.00000000000E+00
   1   2   1   0.00000000000E+00
   2   2   1   4.47501111111E-04
   3   2   1  -1.65800577778E-02
   1   3   1   0.00000000000E+00
   2   3   1  -1.65800577778E-02
   3   3   1   4.47501111111E-04
   1   1   2   1.65800577778E-02
   2   1   2  -4.47501111111E-04
   3   1   2   2.56996070515E-19
   1   2   2  -4.47501111111E-04
   2   2   2   4.47501111111E-04
   3   2   2  -1.16708748565E-18
   1   3   2   3.53369596958E-19
   2   3   2  -8.88881078474E-19
   3   3   2  -2.24871561701E-19
   1   1   3   1.65800577778E-02
   2   1   3   2.56996070515E-19
   3   1   3  -4.47501111111E-04
   1   2   3   3.53369596958E-19
   2   2   3  -2.24871561701E-19
   3   2   3  -8.88881078474E-19
   1   3   3  -4.47501111111E-04
   2   3   3  -1.16708748565E-18
   3   3   3   4.47501111111E-04
   2   2   1   1
   1   1   1   7.69933166667E-02
   2   1   1   6.20799888889E-03
   3   1   1   6.20799888889E-03
   1   2   1  -1.19417388889E-02
   2   2   1  -6.77071111111E-04
   3   2   1  -1.19417388889E-02
   1   3   1  -1.19417388889E-02
   2   3   1  -1.19417388889E-02
   3   3   1  -6.77071111111E-04
   1   1   2  -1.19417388889E-02
   2   1   2  -6.77071111111E-04
   3   1   2  -1.19417388889E-02
   1   2   2  -6.77071111111E-04
   2   2   2  -6.77071111111E-04
   3   2   2   6.65063333333E-04
   1   3   2   6.20799888889E-03
   2   3   2   8.10027777778E-04
   3   3   2   8.10027777778E-04
   1   1   3  -1.19417388889E-02
   2   1   3  -1.19417388889E-02
   3   1   3  -6.77071111111E-04
   1   2   3   6.20799888889E-03
   2   2   3   8.10027777778E-04
   3   2   3   8.10027777778E-04
   1   3   3  -6.77071111111E-04
   2   3   3   6.65063333333E-04
   3   3   3  -6.77071111111E-04
   2   3   1   1
   1   1   1   5.13992141030E-19
   2   1   1  -5.13992141030E-19
   3   1   1  -5.13992141030E-19
   1   2   1  -1.65800577778E-02
   2   2   1   4.47501111111E-04
   3   2   1  -3.85494105773E-19
   1   3   1  -1.65800577778E-02
   2   3   1  -3.85494105773E-19
   3   3   1   4.47501111111E-04
   1   1   2  -2.56996070515E-19
   2   1   2  -4.47501111111E-04
   3   1   2   1.65800577778E-02
   1   2   2   4.47501111111E-04
   2   2   2  -4.47501111111E-04
   3   2   2   3.31850256473E-19
   1   3   2  -6.10365667473E-19
   2   3   2   5.36438492995E-20
   3   3   2   3.21245088144E-20
   1   1   3  -2.56996070515E-19
   2   1   3   1.65800577778E-02
   3   1   3  -4.47501111111E-04
   1   2   3  -6.10365667473E-19
   2   2   3   3.21245088144E-20
   3   2   3   5.36438492995E-20
   1   3   3   4.47501111111E-04
   2   3   3   3.31850256473E-19
   3   3   3  -4.47501111111E-04
   3   1   1   1
   1   1   1   2.56996070515E-19
   2   1   1   1.65800577778E-02
   3   1   1   1.65800577778E-02
   1   2   1   0.00000000000E+00
   2   2   1  -4.47501111111E-04
   3   2   1   9.63735264432E-20
   1   3   1   0.00000000000E+00
   2   3   1   9.63735264432E-20
   3   3   1  -4.47501111111E-04
   1   1   2  -1.28498035258E-19
   2   1   2  -4.47501111111E-04
   3   1   2   6.10365667473E-19
   1   2   2   4.47501111111E-04
   2   2   2   4.47501111111E-04
   3   2   2   1.46557721800E-19
   1   3   2  -1.65800577778E-02
   2   3   2  -2.42931248243E-19
   3   3   2  -2.24871561701E-19
   1   1   3  -1.28498035258E-19
   2   1   3   6.10365667473E-19
   3   1   3  -4.47501111111E-04
   1   2   3  -1.65800577778E-02
   2   2   3  -2.24871561701E-19
   3   2   3  -2.42931248243E-19
   1   3   3   4.47501111111E-04
   2   3   3   1.46557721800E-19
   3   3   3   4.47501111111E-04
   3   2   1   1
   1   1   1   5.13992141030E-19
   2   1   1  -5.13992141030E-19
   3   1   1  -5.13992141030E-19
   1   2   1  -1.65800577778E-02
   2   2   1   4.47501111111E-04
   3   2   1  -3.85494105773E-19
   1   3   1  -1.65800577778E-02
   2   3   1  -3.85494105773E-19
   3   3   1   4.47501111111E-04
   1   1   2  -2.56996070515E-19
   2   1   2  -4.47501111111E-04
   3   1   2   1.65800577778E-02
   1   2   2   4.47501111111E-04
   2   2   2  -4.47501111111E-04
   3   2   2   3.31850256473E-19
   1   3   2  -6.10365667473E-19
   2   3   2   5.36438492995E-20
   3   3   2   3.21245088144E-20
   1   1   3  -2.56996070515E-19
   2   1   3   1.65800577778E-02
   3   1   3  -4.47501111111E-04
   1   2   3  -6.10365667473E-19
   2   2   3   3.21245088144E-20
   3   2   3   5.36438492995E-20
   1   3   3   4.47501111111E-04
   2   3   3   3.31850256473E-19
   3   3   3  -4.47501111111E-04
   3   3   1   1
   1   1   1   7.69933166667E-02
   2   1   1  -1.19417388889E-02
   3   1   1  -1.19417388889E-02
   1   2   1  -1.19417388889E-02
   2   2   1  -6.77071111111E-04
   3   2   1   6.20799888889E-03
   1   3   1  -1.19417388889E-02
   2   3   1   6.20799888889E-03
   3   3   1  -6.77071111111E-04
   1   1   2   6.20799888889E-03
   2   1   2  -6.77071111111E-04
   3   1   2  -1.19417388889E-02
   1   2   2  -6.77071111111E-04
   2   2   2  -6.77071111111E-04
   3   2   2   8.10027777778E-04
   1   3   2  -1.19417388889E-02
   2   3   2   8.10027777778E-04
   3   3   2   6.65063333333E-04
   1   1   3   6.20799888889E-03
   2   1   3  -1.19417388889E-02
   3   1   3  -6.77071111111E-04
   1   2   3  -1.19417388889E-02
   2   2   3   6.65063333333E-04
   3   2   3   8.10027777778E-04
   1   3   3  -6.77071111111E-04
   2   3   3   8.10027777778E-04
   3   3   3  -6.77071111111E-04
