   3.5000000000000003E-002  0.60874132467109310        2.7676108409855003     
   3   3   3
   1   1   1   1
   1   1   1   7.94183162963E-02
   2   1   1  -1.08778470370E-02
   3   1   1  -1.08778470370E-02
   1   2   1   3.91672074074E-03
   2   2   1   6.98725185185E-04
   3   2   1  -1.08778470370E-02
   1   3   1   3.91672074074E-03
   2   3   1  -1.08778470370E-02
   3   3   1   6.98725185185E-04
   1   1   2  -1.08778470370E-02
   2   1   2   6.98725185185E-04
   3   1   2   3.91672074074E-03
   1   2   2   6.98725185185E-04
   2   2   2   6.98725185185E-04
   3   2   2  -2.30534148148E-03
   1   3   2  -1.08778470370E-02
   2   3   2   8.71107407407E-05
   3   3   2  -2.30534148148E-03
   1   1   3  -1.08778470370E-02
   2   1   3   3.91672074074E-03
   3   1   3   6.98725185185E-04
   1   2   3  -1.08778470370E-02
   2   2   3  -2.30534148148E-03
   3   2   3   8.71107407407E-05
   1   3   3   6.98725185185E-04
   2   3   3  -2.30534148148E-03
   3   3   3   6.98725185185E-04
   1   2   1   1
   1   1   1   0.00000000000E+00
   2   1   1   0.00000000000E+00
   3   1   1   0.00000000000E+00
   1   2   1   0.00000000000E+00
   2   2   1   1.91445555556E-04
   3   2   1  -1.88394822222E-02
   1   3   1   0.00000000000E+00
   2   3   1  -1.88394822222E-02
   3   3   1   1.91445555556E-04
   1   1   2   1.88394822222E-02
   2   1   2  -1.91445555556E-04
   3   1   2   1.76684798479E-19
   1   2   2  -1.91445555556E-04
   2   2   2   1.91445555556E-04
   3   2   2  -9.73722425107E-20
   1   3   2  -4.01556360180E-19
   2   3   2   9.73722425107E-20
   3   3   2   4.81867632216E-20
   1   1   3   1.88394822222E-02
   2   1   3   1.76684798479E-19
   3   1   3  -1.91445555556E-04
   1   2   3  -4.01556360180E-19
   2   2   3   4.81867632216E-20
   3   2   3   9.73722425107E-20
   1   3   3  -1.91445555556E-04
   2   3   3  -9.73722425107E-20
   3   3   3   1.91445555556E-04
   1   3   1   1
   1   1   1  -2.56996070515E-19
   2   1   1   1.88394822222E-02
   3   1   1   1.88394822222E-02
   1   2   1   0.00000000000E+00
   2   2   1  -1.91445555556E-04
   3   2   1  -1.44560289665E-19
   1   3   1   0.00000000000E+00
   2   3   1  -1.44560289665E-19
   3   3   1  -1.91445555556E-04
   1   1   2   1.28498035258E-19
   2   1   2  -1.91445555556E-04
   3   1   2   8.83423992396E-19
   1   2   2   1.91445555556E-04
   2   2   2   1.91445555556E-04
   3   2   2  -1.15509180010E-19
   1   3   2  -1.88394822222E-02
   2   3   2   2.60069469675E-19
   3   3   2   2.73058324922E-19
   1   1   3   1.28498035258E-19
   2   1   3   8.83423992396E-19
   3   1   3  -1.91445555556E-04
   1   2   3  -1.88394822222E-02
   2   2   3   2.73058324922E-19
   3   2   3   2.60069469675E-19
   1   3   3   1.91445555556E-04
   2   3   3  -1.15509180010E-19
   3   3   3   1.91445555556E-04
   2   1   1   1
   1   1   1   0.00000000000E+00
   2   1   1   0.00000000000E+00
   3   1   1   0.00000000000E+00
   1   2   1   0.00000000000E+00
   2   2   1   1.91445555556E-04
   3   2   1  -1.88394822222E-02
   1   3   1   0.00000000000E+00
   2   3   1  -1.88394822222E-02
   3   3   1   1.91445555556E-04
   1   1   2   1.88394822222E-02
   2   1   2  -1.91445555556E-04
   3   1   2   1.76684798479E-19
   1   2   2  -1.91445555556E-04
   2   2   2   1.91445555556E-04
   3   2   2  -9.73722425107E-20
   1   3   2  -4.01556360180E-19
   2   3   2   9.73722425107E-20
   3   3   2   4.81867632216E-20
   1   1   3   1.88394822222E-02
   2   1   3   1.76684798479E-19
   3   1   3  -1.91445555556E-04
   1   2   3  -4.01556360180E-19
   2   2   3   4.81867632216E-20
   3   2   3   9.73722425107E-20
   1   3   3  -1.91445555556E-04
   2   3   3  -9.73722425107E-20
   3   3   3   1.91445555556E-04
   2   2   1   1
   1   1   1   7.94183162963E-02
   2   1   1   3.91672074074E-03
   3   1   1   3.91672074074E-03
   1   2   1  -1.08778470370E-02
   2   2   1   6.98725185185E-04
   3   2   1  -1.08778470370E-02
   1   3   1  -1.08778470370E-02
   2   3   1  -1.08778470370E-02
   3   3   1   6.98725185185E-04
   1   1   2  -1.08778470370E-02
   2   1   2   6.98725185185E-04
   3   1   2  -1.08778470370E-02
   1   2   2   6.98725185185E-04
   2   2   2   6.98725185185E-04
   3   2   2   8.71107407407E-05
   1   3   2   3.91672074074E-03
   2   3   2  -2.30534148148E-03
   3   3   2  -2.30534148148E-03
   1   1   3  -1.08778470370E-02
   2   1   3  -1.08778470370E-02
   3   1   3   6.98725185185E-04
   1   2   3   3.91672074074E-03
   2   2   3  -2.30534148148E-03
   3   2   3  -2.30534148148E-03
   1   3   3   6.98725185185E-04
   2   3   3   8.71107407407E-05
   3   3   3   6.98725185185E-04
   2   3   1   1
   1   1   1  -5.13992141030E-19
   2   1   1   5.13992141030E-19
   3   1   1   5.13992141030E-19
   1   2   1  -1.88394822222E-02
   2   2   1   1.91445555556E-04
   3   2   1  -4.81867632216E-20
   1   3   1  -1.88394822222E-02
   2   3   1  -4.81867632216E-20
   3   3   1   1.91445555556E-04
   1   1   2   2.56996070515E-19
   2   1   2  -1.91445555556E-04
   3   1   2   1.88394822222E-02
   1   2   2   1.91445555556E-04
   2   2   2  -1.91445555556E-04
   3   2   2   1.21465624122E-19
   1   3   2   1.44560289665E-19
   2   3   2  -7.32788609000E-20
   3   3   2  -8.03112720360E-20
   1   1   3   2.56996070515E-19
   2   1   3   1.88394822222E-02
   3   1   3  -1.91445555556E-04
   1   2   3   1.44560289665E-19
   2   2   3  -8.03112720360E-20
   3   2   3  -7.32788609000E-20
   1   3   3   1.91445555556E-04
   2   3   3   1.21465624122E-19
   3   3   3  -1.91445555556E-04
   3   1   1   1
   1   1   1  -2.56996070515E-19
   2   1   1   1.88394822222E-02
   3   1   1   1.88394822222E-02
   1   2   1   0.00000000000E+00
   2   2   1  -1.91445555556E-04
   3   2   1  -1.44560289665E-19
   1   3   1   0.00000000000E+00
   2   3   1  -1.44560289665E-19
   3   3   1  -1.91445555556E-04
   1   1   2   1.28498035258E-19
   2   1   2  -1.91445555556E-04
   3   1   2   8.83423992396E-19
   1   2   2   1.91445555556E-04
   2   2   2   1.91445555556E-04
   3   2   2  -1.15509180010E-19
   1   3   2  -1.88394822222E-02
   2   3   2   2.60069469675E-19
   3   3   2   2.73058324922E-19
   1   1   3   1.28498035258E-19
   2   1   3   8.83423992396E-19
   3   1   3  -1.91445555556E-04
   1   2   3  -1.88394822222E-02
   2   2   3   2.73058324922E-19
   3   2   3   2.60069469675E-19
   1   3   3   1.91445555556E-04
   2   3   3  -1.15509180010E-19
   3   3   3   1.91445555556E-04
   3   2   1   1
   1   1   1  -5.13992141030E-19
   2   1   1   5.13992141030E-19
   3   1   1   5.13992141030E-19
   1   2   1  -1.88394822222E-02
   2   2   1   1.91445555556E-04
   3   2   1  -4.81867632216E-20
   1   3   1  -1.88394822222E-02
   2   3   1  -4.81867632216E-20
   3   3   1   1.91445555556E-04
   1   1   2   2.56996070515E-19
   2   1   2  -1.91445555556E-04
   3   1   2   1.88394822222E-02
   1   2   2   1.91445555556E-04
   2   2   2  -1.91445555556E-04
   3   2   2   1.21465624122E-19
   1   3   2   1.44560289665E-19
   2   3   2  -7.32788609000E-20
   3   3   2  -8.03112720360E-20
   1   1   3   2.56996070515E-19
   2   1   3   1.88394822222E-02
   3   1   3  -1.91445555556E-04
   1   2   3   1.44560289665E-19
   2   2   3  -8.03112720360E-20
   3   2   3  -7.32788609000E-20
   1   3   3   1.91445555556E-04
   2   3   3   1.21465624122E-19
   3   3   3  -1.91445555556E-04
   3   3   1   1
   1   1   1   7.94183162963E-02
   2   1   1  -1.08778470370E-02
   3   1   1  -1.08778470370E-02
   1   2   1  -1.08778470370E-02
   2   2   1   6.98725185185E-04
   3   2   1   3.91672074074E-03
   1   3   1  -1.08778470370E-02
   2   3   1   3.91672074074E-03
   3   3   1   6.98725185185E-04
   1   1   2   3.91672074074E-03
   2   1   2   6.98725185185E-04
   3   1   2  -1.08778470370E-02
   1   2   2   6.98725185185E-04
   2   2   2   6.98725185185E-04
   3   2   2  -2.30534148148E-03
   1   3   2  -1.08778470370E-02
   2   3   2  -2.30534148148E-03
   3   3   2   8.71107407407E-05
   1   1   3   3.91672074074E-03
   2   1   3  -1.08778470370E-02
   3   1   3   6.98725185185E-04
   1   2   3  -1.08778470370E-02
   2   2   3   8.71107407407E-05
   3   2   3  -2.30534148148E-03
   1   3   3   6.98725185185E-04
   2   3   3  -2.30534148148E-03
   3   3   3   6.98725185185E-04
