   1.4999999999999999E-002  0.60882112142853129        3.0647606564064263     
   3   3   3
   1   1   1   1
   1   1   1   1.14156325556E-01
   2   1   1  -1.58201400000E-02
   3   1   1  -1.58201400000E-02
   1   2   1   5.06658333333E-03
   2   2   1   4.49656222222E-03
   3   2   1  -1.58201400000E-02
   1   3   1   5.06658333333E-03
   2   3   1  -1.58201400000E-02
   3   3   1   4.49656222222E-03
   1   1   2  -1.58201400000E-02
   2   1   2   4.49656222222E-03
   3   1   2   5.06658333333E-03
   1   2   2   4.49656222222E-03
   2   2   2   4.49656222222E-03
   3   2   2  -7.07115222222E-03
   1   3   2  -1.58201400000E-02
   2   3   2  -7.44700888889E-03
   3   3   2  -7.07115222222E-03
   1   1   3  -1.58201400000E-02
   2   1   3   5.06658333333E-03
   3   1   3   4.49656222222E-03
   1   2   3  -1.58201400000E-02
   2   2   3  -7.07115222222E-03
   3   2   3  -7.44700888889E-03
   1   3   3   4.49656222222E-03
   2   3   3  -7.07115222222E-03
   3   3   3   4.49656222222E-03
   1   2   1   1
   1   1   1   4.11193712824E-18
   2   1   1   0.00000000000E+00
   3   1   1   0.00000000000E+00
   1   2   1   0.00000000000E+00
   2   2   1   3.69044444444E-04
   3   2   1  -3.20340444444E-02
   1   3   1   0.00000000000E+00
   2   3   1  -3.20340444444E-02
   3   3   1   3.69044444444E-04
   1   1   2   3.20340444444E-02
   2   1   2  -3.69044444444E-04
   3   1   2  -7.06739193916E-19
   1   2   2  -3.69044444444E-04
   2   2   2   3.69044444444E-04
   3   2   2   3.47758008967E-19
   1   3   2   0.00000000000E+00
   2   3   2  -3.47758008967E-19
   3   3   2  -1.15648231732E-18
   1   1   3   3.20340444444E-02
   2   1   3  -7.06739193916E-19
   3   1   3  -3.69044444444E-04
   1   2   3   0.00000000000E+00
   2   2   3  -1.15648231732E-18
   3   2   3  -3.47758008967E-19
   1   3   3  -3.69044444444E-04
   2   3   3   3.47758008967E-19
   3   3   3   3.69044444444E-04
   1   3   1   1
   1   1   1   0.00000000000E+00
   2   1   1   3.20340444444E-02
   3   1   1   3.20340444444E-02
   1   2   1   0.00000000000E+00
   2   2   1  -3.69044444444E-04
   3   2   1   5.13992141030E-19
   1   3   1   0.00000000000E+00
   2   3   1   5.13992141030E-19
   3   3   1  -3.69044444444E-04
   1   1   2   0.00000000000E+00
   2   1   2  -3.69044444444E-04
   3   1   2  -1.54197642309E-18
   1   2   2   3.69044444444E-04
   2   2   2   3.69044444444E-04
   3   2   2  -2.56996070515E-19
   1   3   2  -3.20340444444E-02
   2   3   2  -2.56996070515E-19
   3   3   2  -2.56996070515E-19
   1   1   3   0.00000000000E+00
   2   1   3  -1.54197642309E-18
   3   1   3  -3.69044444444E-04
   1   2   3  -3.20340444444E-02
   2   2   3  -2.56996070515E-19
   3   2   3  -2.56996070515E-19
   1   3   3   3.69044444444E-04
   2   3   3  -2.56996070515E-19
   3   3   3   3.69044444444E-04
   2   1   1   1
   1   1   1   4.11193712824E-18
   2   1   1   0.00000000000E+00
   3   1   1   0.00000000000E+00
   1   2   1   0.00000000000E+00
   2   2   1   3.69044444444E-04
   3   2   1  -3.20340444444E-02
   1   3   1   0.00000000000E+00
   2   3   1  -3.20340444444E-02
   3   3   1   3.69044444444E-04
   1   1   2   3.20340444444E-02
   2   1   2  -3.69044444444E-04
   3   1   2  -7.06739193916E-19
   1   2   2  -3.69044444444E-04
   2   2   2   3.69044444444E-04
   3   2   2   3.47758008967E-19
   1   3   2   0.00000000000E+00
   2   3   2  -3.47758008967E-19
   3   3   2  -1.15648231732E-18
   1   1   3   3.20340444444E-02
   2   1   3  -7.06739193916E-19
   3   1   3  -3.69044444444E-04
   1   2   3   0.00000000000E+00
   2   2   3  -1.15648231732E-18
   3   2   3  -3.47758008967E-19
   1   3   3  -3.69044444444E-04
   2   3   3   3.47758008967E-19
   3   3   3   3.69044444444E-04
   2   2   1   1
   1   1   1   1.14156325556E-01
   2   1   1   5.06658333333E-03
   3   1   1   5.06658333333E-03
   1   2   1  -1.58201400000E-02
   2   2   1   4.49656222222E-03
   3   2   1  -1.58201400000E-02
   1   3   1  -1.58201400000E-02
   2   3   1  -1.58201400000E-02
   3   3   1   4.49656222222E-03
   1   1   2  -1.58201400000E-02
   2   1   2   4.49656222222E-03
   3   1   2  -1.58201400000E-02
   1   2   2   4.49656222222E-03
   2   2   2   4.49656222222E-03
   3   2   2  -7.44700888889E-03
   1   3   2   5.06658333333E-03
   2   3   2  -7.07115222222E-03
   3   3   2  -7.07115222222E-03
   1   1   3  -1.58201400000E-02
   2   1   3  -1.58201400000E-02
   3   1   3   4.49656222222E-03
   1   2   3   5.06658333333E-03
   2   2   3  -7.07115222222E-03
   3   2   3  -7.07115222222E-03
   1   3   3   4.49656222222E-03
   2   3   3  -7.44700888889E-03
   3   3   3   4.49656222222E-03
   2   3   1   1
   1   1   1   0.00000000000E+00
   2   1   1   0.00000000000E+00
   3   1   1   0.00000000000E+00
   1   2   1  -3.20340444444E-02
   2   2   1   3.69044444444E-04
   3   2   1   7.06739193916E-19
   1   3   1  -3.20340444444E-02
   2   3   1   7.06739193916E-19
   3   3   1   3.69044444444E-04
   1   1   2   0.00000000000E+00
   2   1   2  -3.69044444444E-04
   3   1   2   3.20340444444E-02
   1   2   2   3.69044444444E-04
   2   2   2  -3.69044444444E-04
   3   2   2  -7.01127605925E-19
   1   3   2  -5.13992141030E-19
   2   3   2  -5.61158799130E-21
   3   3   2  -3.21245088144E-20
   1   1   3   0.00000000000E+00
   2   1   3   3.20340444444E-02
   3   1   3  -3.69044444444E-04
   1   2   3  -5.13992141030E-19
   2   2   3  -3.21245088144E-20
   3   2   3  -5.61158799130E-21
   1   3   3   3.69044444444E-04
   2   3   3  -7.01127605925E-19
   3   3   3  -3.69044444444E-04
   3   1   1   1
   1   1   1   0.00000000000E+00
   2   1   1   3.20340444444E-02
   3   1   1   3.20340444444E-02
   1   2   1   0.00000000000E+00
   2   2   1  -3.69044444444E-04
   3   2   1   5.13992141030E-19
   1   3   1   0.00000000000E+00
   2   3   1   5.13992141030E-19
   3   3   1  -3.69044444444E-04
   1   1   2   0.00000000000E+00
   2   1   2  -3.69044444444E-04
   3   1   2  -1.54197642309E-18
   1   2   2   3.69044444444E-04
   2   2   2   3.69044444444E-04
   3   2   2  -2.56996070515E-19
   1   3   2  -3.20340444444E-02
   2   3   2  -2.56996070515E-19
   3   3   2  -2.56996070515E-19
   1   1   3   0.00000000000E+00
   2   1   3  -1.54197642309E-18
   3   1   3  -3.69044444444E-04
   1   2   3  -3.20340444444E-02
   2   2   3  -2.56996070515E-19
   3   2   3  -2.56996070515E-19
   1   3   3   3.69044444444E-04
   2   3   3  -2.56996070515E-19
   3   3   3   3.69044444444E-04
   3   2   1   1
   1   1   1   0.00000000000E+00
   2   1   1   0.00000000000E+00
   3   1   1   0.00000000000E+00
   1   2   1  -3.20340444444E-02
   2   2   1   3.69044444444E-04
   3   2   1   7.06739193916E-19
   1   3   1  -3.20340444444E-02
   2   3   1   7.06739193916E-19
   3   3   1   3.69044444444E-04
   1   1   2   0.00000000000E+00
   2   1   2  -3.69044444444E-04
   3   1   2   3.20340444444E-02
   1   2   2   3.69044444444E-04
   2   2   2  -3.69044444444E-04
   3   2   2  -7.01127605925E-19
   1   3   2  -5.13992141030E-19
   2   3   2  -5.61158799130E-21
   3   3   2  -3.21245088144E-20
   1   1   3   0.00000000000E+00
   2   1   3   3.20340444444E-02
   3   1   3  -3.69044444444E-04
   1   2   3  -5.13992141030E-19
   2   2   3  -3.21245088144E-20
   3   2   3  -5.61158799130E-21
   1   3   3   3.69044444444E-04
   2   3   3  -7.01127605925E-19
   3   3   3  -3.69044444444E-04
   3   3   1   1
   1   1   1   1.14156325556E-01
   2   1   1  -1.58201400000E-02
   3   1   1  -1.58201400000E-02
   1   2   1  -1.58201400000E-02
   2   2   1   4.49656222222E-03
   3   2   1   5.06658333333E-03
   1   3   1  -1.58201400000E-02
   2   3   1   5.06658333333E-03
   3   3   1   4.49656222222E-03
   1   1   2   5.06658333333E-03
   2   1   2   4.49656222222E-03
   3   1   2  -1.58201400000E-02
   1   2   2   4.49656222222E-03
   2   2   2   4.49656222222E-03
   3   2   2  -7.07115222222E-03
   1   3   2  -1.58201400000E-02
   2   3   2  -7.07115222222E-03
   3   3   2  -7.44700888889E-03
   1   1   3   5.06658333333E-03
   2   1   3  -1.58201400000E-02
   3   1   3   4.49656222222E-03
   1   2   3  -1.58201400000E-02
   2   2   3  -7.44700888889E-03
   3   2   3  -7.07115222222E-03
   1   3   3   4.49656222222E-03
   2   3   3  -7.07115222222E-03
   3   3   3   4.49656222222E-03
