   4.4999999999999998E-002  0.60879694957509156        2.7132912778557019     
   3   3   3
   1   1   1   1
   1   1   1   7.71882951852E-02
   2   1   1  -1.15939692593E-02
   3   1   1  -1.15939692593E-02
   1   2   1   5.48044851852E-03
   2   2   1  -2.98049259259E-04
   3   2   1  -1.15939692593E-02
   1   3   1   5.48044851852E-03
   2   3   1  -1.15939692593E-02
   3   3   1  -2.98049259259E-04
   1   1   2  -1.15939692593E-02
   2   1   2  -2.98049259259E-04
   3   1   2   5.48044851852E-03
   1   2   2  -2.98049259259E-04
   2   2   2  -2.98049259259E-04
   3   2   2   5.44418518519E-05
   1   3   2  -1.15939692593E-02
   2   3   2   4.54110740741E-04
   3   3   2   5.44418518519E-05
   1   1   3  -1.15939692593E-02
   2   1   3   5.48044851852E-03
   3   1   3  -2.98049259259E-04
   1   2   3  -1.15939692593E-02
   2   2   3   5.44418518519E-05
   3   2   3   4.54110740741E-04
   1   3   3  -2.98049259259E-04
   2   3   3   5.44418518519E-05
   3   3   3  -2.98049259259E-04
   1   2   1   1
   1   1   1   0.00000000000E+00
   2   1   1   0.00000000000E+00
   3   1   1   0.00000000000E+00
   1   2   1   0.00000000000E+00
   2   2   1   4.28827777778E-04
   3   2   1  -1.70468977778E-02
   1   3   1   0.00000000000E+00
   2   3   1  -1.70468977778E-02
   3   3   1   4.28827777778E-04
   1   1   2   1.70468977778E-02
   2   1   2  -4.28827777778E-04
   3   1   2  -6.42490176288E-20
   1   2   2  -4.28827777778E-04
   2   2   2   4.28827777778E-04
   3   2   2   1.39103203587E-20
   1   3   2  -3.21245088144E-20
   2   3   2  -1.39103203587E-20
   3   3   2   3.21245088144E-19
   1   1   3   1.70468977778E-02
   2   1   3  -6.42490176288E-20
   3   1   3  -4.28827777778E-04
   1   2   3  -3.21245088144E-20
   2   2   3   3.21245088144E-19
   3   2   3  -1.39103203587E-20
   1   3   3  -4.28827777778E-04
   2   3   3   1.39103203587E-20
   3   3   3   4.28827777778E-04
   1   3   1   1
   1   1   1   0.00000000000E+00
   2   1   1   1.70468977778E-02
   3   1   1   1.70468977778E-02
   1   2   1   0.00000000000E+00
   2   2   1  -4.28827777778E-04
   3   2   1   2.24871561701E-19
   1   3   1   0.00000000000E+00
   2   3   1   2.24871561701E-19
   3   3   1  -4.28827777778E-04
   1   1   2   0.00000000000E+00
   2   1   2  -4.28827777778E-04
   3   1   2  -2.89120579329E-19
   1   2   2   4.28827777778E-04
   2   2   2   4.28827777778E-04
   3   2   2  -1.12435780850E-19
   1   3   2  -1.70468977778E-02
   2   3   2  -1.12435780850E-19
   3   3   2  -9.63735264432E-20
   1   1   3   0.00000000000E+00
   2   1   3  -2.89120579329E-19
   3   1   3  -4.28827777778E-04
   1   2   3  -1.70468977778E-02
   2   2   3  -9.63735264432E-20
   3   2   3  -1.12435780850E-19
   1   3   3   4.28827777778E-04
   2   3   3  -1.12435780850E-19
   3   3   3   4.28827777778E-04
   2   1   1   1
   1   1   1   0.00000000000E+00
   2   1   1   0.00000000000E+00
   3   1   1   0.00000000000E+00
   1   2   1   0.00000000000E+00
   2   2   1   4.28827777778E-04
   3   2   1  -1.70468977778E-02
   1   3   1   0.00000000000E+00
   2   3   1  -1.70468977778E-02
   3   3   1   4.28827777778E-04
   1   1   2   1.70468977778E-02
   2   1   2  -4.28827777778E-04
   3   1   2  -6.42490176288E-20
   1   2   2  -4.28827777778E-04
   2   2   2   4.28827777778E-04
   3   2   2   1.39103203587E-20
   1   3   2  -3.21245088144E-20
   2   3   2  -1.39103203587E-20
   3   3   2   3.21245088144E-19
   1   1   3   1.70468977778E-02
   2   1   3  -6.42490176288E-20
   3   1   3  -4.28827777778E-04
   1   2   3  -3.21245088144E-20
   2   2   3   3.21245088144E-19
   3   2   3  -1.39103203587E-20
   1   3   3  -4.28827777778E-04
   2   3   3   1.39103203587E-20
   3   3   3   4.28827777778E-04
   2   2   1   1
   1   1   1   7.71882951852E-02
   2   1   1   5.48044851852E-03
   3   1   1   5.48044851852E-03
   1   2   1  -1.15939692593E-02
   2   2   1  -2.98049259259E-04
   3   2   1  -1.15939692593E-02
   1   3   1  -1.15939692593E-02
   2   3   1  -1.15939692593E-02
   3   3   1  -2.98049259259E-04
   1   1   2  -1.15939692593E-02
   2   1   2  -2.98049259259E-04
   3   1   2  -1.15939692593E-02
   1   2   2  -2.98049259259E-04
   2   2   2  -2.98049259259E-04
   3   2   2   4.54110740741E-04
   1   3   2   5.48044851852E-03
   2   3   2   5.44418518519E-05
   3   3   2   5.44418518519E-05
   1   1   3  -1.15939692593E-02
   2   1   3  -1.15939692593E-02
   3   1   3  -2.98049259259E-04
   1   2   3   5.48044851852E-03
   2   2   3   5.44418518519E-05
   3   2   3   5.44418518519E-05
   1   3   3  -2.98049259259E-04
   2   3   3   4.54110740741E-04
   3   3   3  -2.98049259259E-04
   2   3   1   1
   1   1   1   0.00000000000E+00
   2   1   1   0.00000000000E+00
   3   1   1   0.00000000000E+00
   1   2   1  -1.70468977778E-02
   2   2   1   4.28827777778E-04
   3   2   1   6.42490176288E-20
   1   3   1  -1.70468977778E-02
   2   3   1   6.42490176288E-20
   3   3   1   4.28827777778E-04
   1   1   2   0.00000000000E+00
   2   1   2  -4.28827777778E-04
   3   1   2   1.70468977778E-02
   1   2   2   4.28827777778E-04
   2   2   2  -4.28827777778E-04
   3   2   2  -2.68599954912E-19
   1   3   2   2.89120579329E-19
   2   3   2   2.04350937283E-19
   3   3   2  -2.56996070515E-19
   1   1   3   0.00000000000E+00
   2   1   3   1.70468977778E-02
   3   1   3  -4.28827777778E-04
   1   2   3   2.89120579329E-19
   2   2   3  -2.56996070515E-19
   3   2   3   2.04350937283E-19
   1   3   3   4.28827777778E-04
   2   3   3  -2.68599954912E-19
   3   3   3  -4.28827777778E-04
   3   1   1   1
   1   1   1   0.00000000000E+00
   2   1   1   1.70468977778E-02
   3   1   1   1.70468977778E-02
   1   2   1   0.00000000000E+00
   2   2   1  -4.28827777778E-04
   3   2   1   2.24871561701E-19
   1   3   1   0.00000000000E+00
   2   3   1   2.24871561701E-19
   3   3   1  -4.28827777778E-04
   1   1   2   0.00000000000E+00
   2   1   2  -4.28827777778E-04
   3   1   2  -2.89120579329E-19
   1   2   2   4.28827777778E-04
   2   2   2   4.28827777778E-04
   3   2   2  -1.12435780850E-19
   1   3   2  -1.70468977778E-02
   2   3   2  -1.12435780850E-19
   3   3   2  -9.63735264432E-20
   1   1   3   0.00000000000E+00
   2   1   3  -2.89120579329E-19
   3   1   3  -4.28827777778E-04
   1   2   3  -1.70468977778E-02
   2   2   3  -9.63735264432E-20
   3   2   3  -1.12435780850E-19
   1   3   3   4.28827777778E-04
   2   3   3  -1.12435780850E-19
   3   3   3   4.28827777778E-04
   3   2   1   1
   1   1   1   0.00000000000E+00
   2   1   1   0.00000000000E+00
   3   1   1   0.00000000000E+00
   1   2   1  -1.70468977778E-02
   2   2   1   4.28827777778E-04
   3   2   1   6.42490176288E-20
   1   3   1  -1.70468977778E-02
   2   3   1   6.42490176288E-20
   3   3   1   4.28827777778E-04
   1   1   2   0.00000000000E+00
   2   1   2  -4.28827777778E-04
   3   1   2   1.70468977778E-02
   1   2   2   4.28827777778E-04
   2   2   2  -4.28827777778E-04
   3   2   2  -2.68599954912E-19
   1   3   2   2.89120579329E-19
   2   3   2   2.04350937283E-19
   3   3   2  -2.56996070515E-19
   1   1   3   0.00000000000E+00
   2   1   3   1.70468977778E-02
   3   1   3  -4.28827777778E-04
   1   2   3   2.89120579329E-19
   2   2   3  -2.56996070515E-19
   3   2   3   2.04350937283E-19
   1   3   3   4.28827777778E-04
   2   3   3  -2.68599954912E-19
   3   3   3  -4.28827777778E-04
   3   3   1   1
   1   1   1   7.71882951852E-02
   2   1   1  -1.15939692593E-02
   3   1   1  -1.15939692593E-02
   1   2   1  -1.15939692593E-02
   2   2   1  -2.98049259259E-04
   3   2   1   5.48044851852E-03
   1   3   1  -1.15939692593E-02
   2   3   1   5.48044851852E-03
   3   3   1  -2.98049259259E-04
   1   1   2   5.48044851852E-03
   2   1   2  -2.98049259259E-04
   3   1   2  -1.15939692593E-02
   1   2   2  -2.98049259259E-04
   2   2   2  -2.98049259259E-04
   3   2   2   5.44418518519E-05
   1   3   2  -1.15939692593E-02
   2   3   2   5.44418518519E-05
   3   3   2   4.54110740741E-04
   1   1   3   5.48044851852E-03
   2   1   3  -1.15939692593E-02
   3   1   3  -2.98049259259E-04
   1   2   3  -1.15939692593E-02
   2   2   3   4.54110740741E-04
   3   2   3   5.44418518519E-05
   1   3   3  -2.98049259259E-04
   2   3   3   5.44418518519E-05
   3   3   3  -2.98049259259E-04
