   4.0000000000000001E-002  0.60877694842383456        2.7359727001625522     
   3   3   3
   1   1   1   1
   1   1   1   7.79065200000E-02
   2   1   1  -1.12137244444E-02
   3   1   1  -1.12137244444E-02
   1   2   1   4.68696333333E-03
   2   2   1   1.61528888889E-04
   3   2   1  -1.12137244444E-02
   1   3   1   4.68696333333E-03
   2   3   1  -1.12137244444E-02
   3   3   1   1.61528888889E-04
   1   1   2  -1.12137244444E-02
   2   1   2   1.61528888889E-04
   3   1   2   4.68696333333E-03
   1   2   2   1.61528888889E-04
   2   2   2   1.61528888889E-04
   3   2   2  -9.69936666667E-04
   1   3   2  -1.12137244444E-02
   2   3   2   2.34888888889E-04
   3   3   2  -9.69936666667E-04
   1   1   3  -1.12137244444E-02
   2   1   3   4.68696333333E-03
   3   1   3   1.61528888889E-04
   1   2   3  -1.12137244444E-02
   2   2   3  -9.69936666667E-04
   3   2   3   2.34888888889E-04
   1   3   3   1.61528888889E-04
   2   3   3  -9.69936666667E-04
   3   3   3   1.61528888889E-04
   1   2   1   1
   1   1   1   0.00000000000E+00
   2   1   1   0.00000000000E+00
   3   1   1   0.00000000000E+00
   1   2   1   0.00000000000E+00
   2   2   1   3.49986666667E-04
   3   2   1  -1.77777133333E-02
   1   3   1   0.00000000000E+00
   2   3   1  -1.77777133333E-02
   3   3   1   3.49986666667E-04
   1   1   2   1.77777133333E-02
   2   1   2  -3.49986666667E-04
   3   1   2  -1.92747052886E-19
   1   2   2  -3.49986666667E-04
   2   2   2   3.49986666667E-04
   3   2   2  -9.44522359908E-19
   1   3   2   3.53369596958E-19
   2   3   2  -1.11144620421E-18
   3   3   2   2.24871561701E-19
   1   1   3   1.77777133333E-02
   2   1   3  -1.92747052886E-19
   3   1   3  -3.49986666667E-04
   1   2   3   3.53369596958E-19
   2   2   3   2.24871561701E-19
   3   2   3  -1.11144620421E-18
   1   3   3  -3.49986666667E-04
   2   3   3  -9.44522359908E-19
   3   3   3   3.49986666667E-04
   1   3   1   1
   1   1   1   2.56996070515E-19
   2   1   1   1.77777133333E-02
   3   1   1   1.77777133333E-02
   1   2   1  -1.02798428206E-18
   2   2   1  -3.49986666667E-04
   3   2   1   3.53369596958E-19
   1   3   1  -1.02798428206E-18
   2   3   1   3.53369596958E-19
   3   3   1  -3.49986666667E-04
   1   1   2  -1.28498035258E-19
   2   1   2  -3.49986666667E-04
   3   1   2   1.38135387902E-18
   1   2   2   3.49986666667E-04
   2   2   2   3.49986666667E-04
   3   2   2   1.80596865424E-20
   1   3   2  -1.77777133333E-02
   2   3   2  -3.71429283501E-19
   3   3   2  -3.53369596958E-19
   1   1   3  -1.28498035258E-19
   2   1   3   1.38135387902E-18
   3   1   3  -3.49986666667E-04
   1   2   3  -1.77777133333E-02
   2   2   3  -3.53369596958E-19
   3   2   3  -3.71429283501E-19
   1   3   3   3.49986666667E-04
   2   3   3   1.80596865424E-20
   3   3   3   3.49986666667E-04
   2   1   1   1
   1   1   1   0.00000000000E+00
   2   1   1   0.00000000000E+00
   3   1   1   0.00000000000E+00
   1   2   1   0.00000000000E+00
   2   2   1   3.49986666667E-04
   3   2   1  -1.77777133333E-02
   1   3   1   0.00000000000E+00
   2   3   1  -1.77777133333E-02
   3   3   1   3.49986666667E-04
   1   1   2   1.77777133333E-02
   2   1   2  -3.49986666667E-04
   3   1   2  -1.92747052886E-19
   1   2   2  -3.49986666667E-04
   2   2   2   3.49986666667E-04
   3   2   2  -9.44522359908E-19
   1   3   2   3.53369596958E-19
   2   3   2  -1.11144620421E-18
   3   3   2   2.24871561701E-19
   1   1   3   1.77777133333E-02
   2   1   3  -1.92747052886E-19
   3   1   3  -3.49986666667E-04
   1   2   3   3.53369596958E-19
   2   2   3   2.24871561701E-19
   3   2   3  -1.11144620421E-18
   1   3   3  -3.49986666667E-04
   2   3   3  -9.44522359908E-19
   3   3   3   3.49986666667E-04
   2   2   1   1
   1   1   1   7.79065200000E-02
   2   1   1   4.68696333333E-03
   3   1   1   4.68696333333E-03
   1   2   1  -1.12137244444E-02
   2   2   1   1.61528888889E-04
   3   2   1  -1.12137244444E-02
   1   3   1  -1.12137244444E-02
   2   3   1  -1.12137244444E-02
   3   3   1   1.61528888889E-04
   1   1   2  -1.12137244444E-02
   2   1   2   1.61528888889E-04
   3   1   2  -1.12137244444E-02
   1   2   2   1.61528888889E-04
   2   2   2   1.61528888889E-04
   3   2   2   2.34888888889E-04
   1   3   2   4.68696333333E-03
   2   3   2  -9.69936666667E-04
   3   3   2  -9.69936666667E-04
   1   1   3  -1.12137244444E-02
   2   1   3  -1.12137244444E-02
   3   1   3   1.61528888889E-04
   1   2   3   4.68696333333E-03
   2   2   3  -9.69936666667E-04
   3   2   3  -9.69936666667E-04
   1   3   3   1.61528888889E-04
   2   3   3   2.34888888889E-04
   3   3   3   1.61528888889E-04
   2   3   1   1
   1   1   1   5.13992141030E-19
   2   1   1   0.00000000000E+00
   3   1   1   0.00000000000E+00
   1   2   1  -1.77777133333E-02
   2   2   1   3.49986666667E-04
   3   2   1   6.42490176288E-20
   1   3   1  -1.77777133333E-02
   2   3   1   6.42490176288E-20
   3   3   1   3.49986666667E-04
   1   1   2  -2.56996070515E-19
   2   1   2  -3.49986666667E-04
   3   1   2   1.77777133333E-02
   1   2   2   3.49986666667E-04
   2   2   2  -3.49986666667E-04
   3   2   2  -1.15586430966E-19
   1   3   2  -1.38135387902E-18
   2   3   2   5.13374133377E-20
   3   3   2   6.42490176288E-20
   1   1   3  -2.56996070515E-19
   2   1   3   1.77777133333E-02
   3   1   3  -3.49986666667E-04
   1   2   3  -1.38135387902E-18
   2   2   3   6.42490176288E-20
   3   2   3   5.13374133377E-20
   1   3   3   3.49986666667E-04
   2   3   3  -1.15586430966E-19
   3   3   3  -3.49986666667E-04
   3   1   1   1
   1   1   1   2.56996070515E-19
   2   1   1   1.77777133333E-02
   3   1   1   1.77777133333E-02
   1   2   1  -1.02798428206E-18
   2   2   1  -3.49986666667E-04
   3   2   1   3.53369596958E-19
   1   3   1  -1.02798428206E-18
   2   3   1   3.53369596958E-19
   3   3   1  -3.49986666667E-04
   1   1   2  -1.28498035258E-19
   2   1   2  -3.49986666667E-04
   3   1   2   1.38135387902E-18
   1   2   2   3.49986666667E-04
   2   2   2   3.49986666667E-04
   3   2   2   1.80596865424E-20
   1   3   2  -1.77777133333E-02
   2   3   2  -3.71429283501E-19
   3   3   2  -3.53369596958E-19
   1   1   3  -1.28498035258E-19
   2   1   3   1.38135387902E-18
   3   1   3  -3.49986666667E-04
   1   2   3  -1.77777133333E-02
   2   2   3  -3.53369596958E-19
   3   2   3  -3.71429283501E-19
   1   3   3   3.49986666667E-04
   2   3   3   1.80596865424E-20
   3   3   3   3.49986666667E-04
   3   2   1   1
   1   1   1   5.13992141030E-19
   2   1   1   0.00000000000E+00
   3   1   1   0.00000000000E+00
   1   2   1  -1.77777133333E-02
   2   2   1   3.49986666667E-04
   3   2   1   6.42490176288E-20
   1   3   1  -1.77777133333E-02
   2   3   1   6.42490176288E-20
   3   3   1   3.49986666667E-04
   1   1   2  -2.56996070515E-19
   2   1   2  -3.49986666667E-04
   3   1   2   1.77777133333E-02
   1   2   2   3.49986666667E-04
   2   2   2  -3.49986666667E-04
   3   2   2  -1.15586430966E-19
   1   3   2  -1.38135387902E-18
   2   3   2   5.13374133377E-20
   3   3   2   6.42490176288E-20
   1   1   3  -2.56996070515E-19
   2   1   3   1.77777133333E-02
   3   1   3  -3.49986666667E-04
   1   2   3  -1.38135387902E-18
   2   2   3   6.42490176288E-20
   3   2   3   5.13374133377E-20
   1   3   3   3.49986666667E-04
   2   3   3  -1.15586430966E-19
   3   3   3  -3.49986666667E-04
   3   3   1   1
   1   1   1   7.79065200000E-02
   2   1   1  -1.12137244444E-02
   3   1   1  -1.12137244444E-02
   1   2   1  -1.12137244444E-02
   2   2   1   1.61528888889E-04
   3   2   1   4.68696333333E-03
   1   3   1  -1.12137244444E-02
   2   3   1   4.68696333333E-03
   3   3   1   1.61528888889E-04
   1   1   2   4.68696333333E-03
   2   1   2   1.61528888889E-04
   3   1   2  -1.12137244444E-02
   1   2   2   1.61528888889E-04
   2   2   2   1.61528888889E-04
   3   2   2  -9.69936666667E-04
   1   3   2  -1.12137244444E-02
   2   3   2  -9.69936666667E-04
   3   3   2   2.34888888889E-04
   1   1   3   4.68696333333E-03
   2   1   3  -1.12137244444E-02
   3   1   3   1.61528888889E-04
   1   2   3  -1.12137244444E-02
   2   2   3   2.34888888889E-04
   3   2   3  -9.69936666667E-04
   1   3   3   1.61528888889E-04
   2   3   3  -9.69936666667E-04
   3   3   3   1.61528888889E-04
