   2.0000000000000000E-002  0.60874373467063081        2.9213950656819603     
   3   3   3
   1   1   1   1
   1   1   1   9.43297322222E-02
   2   1   1  -1.22209844444E-02
   3   1   1  -1.22209844444E-02
   1   2   1   3.75835444444E-03
   2   2   1   2.73245333333E-03
   3   2   1  -1.22209844444E-02
   1   3   1   3.75835444444E-03
   2   3   1  -1.22209844444E-02
   3   3   1   2.73245333333E-03
   1   1   2  -1.22209844444E-02
   2   1   2   2.73245333333E-03
   3   1   2   3.75835444444E-03
   1   2   2   2.73245333333E-03
   2   2   2   2.73245333333E-03
   3   2   2  -7.08164666667E-03
   1   3   2  -1.22209844444E-02
   2   3   2  -1.40785222222E-03
   3   3   2  -7.08164666667E-03
   1   1   3  -1.22209844444E-02
   2   1   3   3.75835444444E-03
   3   1   3   2.73245333333E-03
   1   2   3  -1.22209844444E-02
   2   2   3  -7.08164666667E-03
   3   2   3  -1.40785222222E-03
   1   3   3   2.73245333333E-03
   2   3   3  -7.08164666667E-03
   3   3   3   2.73245333333E-03
   1   2   1   1
   1   1   1   0.00000000000E+00
   2   1   1   0.00000000000E+00
   3   1   1   0.00000000000E+00
   1   2   1   0.00000000000E+00
   2   2   1  -5.21597777778E-04
   3   2   1  -2.53260188889E-02
   1   3   1   0.00000000000E+00
   2   3   1  -2.53260188889E-02
   3   3   1  -5.21597777778E-04
   1   1   2   2.53260188889E-02
   2   1   2   5.21597777778E-04
   3   1   2  -1.60622544072E-19
   1   2   2   5.21597777778E-04
   2   2   2  -5.21597777778E-04
   3   2   2   1.11282562869E-19
   1   3   2   6.42490176288E-20
   2   3   2  -1.11282562869E-19
   3   3   2   6.42490176288E-20
   1   1   3   2.53260188889E-02
   2   1   3  -1.60622544072E-19
   3   1   3   5.21597777778E-04
   1   2   3   6.42490176288E-20
   2   2   3   6.42490176288E-20
   3   2   3  -1.11282562869E-19
   1   3   3   5.21597777778E-04
   2   3   3   1.11282562869E-19
   3   3   3  -5.21597777778E-04
   1   3   1   1
   1   1   1   0.00000000000E+00
   2   1   1   2.53260188889E-02
   3   1   1   2.53260188889E-02
   1   2   1   0.00000000000E+00
   2   2   1   5.21597777778E-04
   3   2   1   6.42490176288E-20
   1   3   1   0.00000000000E+00
   2   3   1   6.42490176288E-20
   3   3   1   5.21597777778E-04
   1   1   2   0.00000000000E+00
   2   1   2   5.21597777778E-04
   3   1   2   6.42490176288E-20
   1   2   2  -5.21597777778E-04
   2   2   2  -5.21597777778E-04
   3   2   2  -3.21245088144E-20
   1   3   2  -2.53260188889E-02
   2   3   2  -3.21245088144E-20
   3   3   2  -3.21245088144E-20
   1   1   3   0.00000000000E+00
   2   1   3   6.42490176288E-20
   3   1   3   5.21597777778E-04
   1   2   3  -2.53260188889E-02
   2   2   3  -3.21245088144E-20
   3   2   3  -3.21245088144E-20
   1   3   3  -5.21597777778E-04
   2   3   3  -3.21245088144E-20
   3   3   3  -5.21597777778E-04
   2   1   1   1
   1   1   1   0.00000000000E+00
   2   1   1   0.00000000000E+00
   3   1   1   0.00000000000E+00
   1   2   1   0.00000000000E+00
   2   2   1  -5.21597777778E-04
   3   2   1  -2.53260188889E-02
   1   3   1   0.00000000000E+00
   2   3   1  -2.53260188889E-02
   3   3   1  -5.21597777778E-04
   1   1   2   2.53260188889E-02
   2   1   2   5.21597777778E-04
   3   1   2  -1.60622544072E-19
   1   2   2   5.21597777778E-04
   2   2   2  -5.21597777778E-04
   3   2   2   1.11282562869E-19
   1   3   2   6.42490176288E-20
   2   3   2  -1.11282562869E-19
   3   3   2   6.42490176288E-20
   1   1   3   2.53260188889E-02
   2   1   3  -1.60622544072E-19
   3   1   3   5.21597777778E-04
   1   2   3   6.42490176288E-20
   2   2   3   6.42490176288E-20
   3   2   3  -1.11282562869E-19
   1   3   3   5.21597777778E-04
   2   3   3   1.11282562869E-19
   3   3   3  -5.21597777778E-04
   2   2   1   1
   1   1   1   9.43297322222E-02
   2   1   1   3.75835444444E-03
   3   1   1   3.75835444444E-03
   1   2   1  -1.22209844444E-02
   2   2   1   2.73245333333E-03
   3   2   1  -1.22209844444E-02
   1   3   1  -1.22209844444E-02
   2   3   1  -1.22209844444E-02
   3   3   1   2.73245333333E-03
   1   1   2  -1.22209844444E-02
   2   1   2   2.73245333333E-03
   3   1   2  -1.22209844444E-02
   1   2   2   2.73245333333E-03
   2   2   2   2.73245333333E-03
   3   2   2  -1.40785222222E-03
   1   3   2   3.75835444444E-03
   2   3   2  -7.08164666667E-03
   3   3   2  -7.08164666667E-03
   1   1   3  -1.22209844444E-02
   2   1   3  -1.22209844444E-02
   3   1   3   2.73245333333E-03
   1   2   3   3.75835444444E-03
   2   2   3  -7.08164666667E-03
   3   2   3  -7.08164666667E-03
   1   3   3   2.73245333333E-03
   2   3   3  -1.40785222222E-03
   3   3   3   2.73245333333E-03
   2   3   1   1
   1   1   1   0.00000000000E+00
   2   1   1   0.00000000000E+00
   3   1   1   0.00000000000E+00
   1   2   1  -2.53260188889E-02
   2   2   1  -5.21597777778E-04
   3   2   1   1.60622544072E-19
   1   3   1  -2.53260188889E-02
   2   3   1   1.60622544072E-19
   3   3   1  -5.21597777778E-04
   1   1   2   0.00000000000E+00
   2   1   2   5.21597777778E-04
   3   1   2   2.53260188889E-02
   1   2   2  -5.21597777778E-04
   2   2   2   5.21597777778E-04
   3   2   2  -1.91593834905E-19
   1   3   2  -6.42490176288E-20
   2   3   2   3.09712908335E-20
   3   3   2   0.00000000000E+00
   1   1   3   0.00000000000E+00
   2   1   3   2.53260188889E-02
   3   1   3   5.21597777778E-04
   1   2   3  -6.42490176288E-20
   2   2   3   0.00000000000E+00
   3   2   3   3.09712908335E-20
   1   3   3  -5.21597777778E-04
   2   3   3  -1.91593834905E-19
   3   3   3   5.21597777778E-04
   3   1   1   1
   1   1   1   0.00000000000E+00
   2   1   1   2.53260188889E-02
   3   1   1   2.53260188889E-02
   1   2   1   0.00000000000E+00
   2   2   1   5.21597777778E-04
   3   2   1   6.42490176288E-20
   1   3   1   0.00000000000E+00
   2   3   1   6.42490176288E-20
   3   3   1   5.21597777778E-04
   1   1   2   0.00000000000E+00
   2   1   2   5.21597777778E-04
   3   1   2   6.42490176288E-20
   1   2   2  -5.21597777778E-04
   2   2   2  -5.21597777778E-04
   3   2   2  -3.21245088144E-20
   1   3   2  -2.53260188889E-02
   2   3   2  -3.21245088144E-20
   3   3   2  -3.21245088144E-20
   1   1   3   0.00000000000E+00
   2   1   3   6.42490176288E-20
   3   1   3   5.21597777778E-04
   1   2   3  -2.53260188889E-02
   2   2   3  -3.21245088144E-20
   3   2   3  -3.21245088144E-20
   1   3   3  -5.21597777778E-04
   2   3   3  -3.21245088144E-20
   3   3   3  -5.21597777778E-04
   3   2   1   1
   1   1   1   0.00000000000E+00
   2   1   1   0.00000000000E+00
   3   1   1   0.00000000000E+00
   1   2   1  -2.53260188889E-02
   2   2   1  -5.21597777778E-04
   3   2   1   1.60622544072E-19
   1   3   1  -2.53260188889E-02
   2   3   1   1.60622544072E-19
   3   3   1  -5.21597777778E-04
   1   1   2   0.00000000000E+00
   2   1   2   5.21597777778E-04
   3   1   2   2.53260188889E-02
   1   2   2  -5.21597777778E-04
   2   2   2   5.21597777778E-04
   3   2   2  -1.91593834905E-19
   1   3   2  -6.42490176288E-20
   2   3   2   3.09712908335E-20
   3   3   2   0.00000000000E+00
   1   1   3   0.00000000000E+00
   2   1   3   2.53260188889E-02
   3   1   3   5.21597777778E-04
   1   2   3  -6.42490176288E-20
   2   2   3   0.00000000000E+00
   3   2   3   3.09712908335E-20
   1   3   3  -5.21597777778E-04
   2   3   3  -1.91593834905E-19
   3   3   3   5.21597777778E-04
   3   3   1   1
   1   1   1   9.43297322222E-02
   2   1   1  -1.22209844444E-02
   3   1   1  -1.22209844444E-02
   1   2   1  -1.22209844444E-02
   2   2   1   2.73245333333E-03
   3   2   1   3.75835444444E-03
   1   3   1  -1.22209844444E-02
   2   3   1   3.75835444444E-03
   3   3   1   2.73245333333E-03
   1   1   2   3.75835444444E-03
   2   1   2   2.73245333333E-03
   3   1   2  -1.22209844444E-02
   1   2   2   2.73245333333E-03
   2   2   2   2.73245333333E-03
   3   2   2  -7.08164666667E-03
   1   3   2  -1.22209844444E-02
   2   3   2  -7.08164666667E-03
   3   3   2  -1.40785222222E-03
   1   1   3   3.75835444444E-03
   2   1   3  -1.22209844444E-02
   3   1   3   2.73245333333E-03
   1   2   3  -1.22209844444E-02
   2   2   3  -1.40785222222E-03
   3   2   3  -7.08164666667E-03
   1   3   3   2.73245333333E-03
   2   3   3  -7.08164666667E-03
   3   3   3   2.73245333333E-03
