   1.0000000000000000E-002  0.60896071690440989        3.5362417555391392     
   3   3   3
   1   1   1   1
   1   1   1   1.71573364815E-01
   2   1   1  -2.40044240741E-02
   3   1   1  -2.40044240741E-02
   1   2   1   7.52992592593E-03
   2   2   1   8.10584814815E-03
   3   2   1  -2.40044240741E-02
   1   3   1   7.52992592593E-03
   2   3   1  -2.40044240741E-02
   3   3   1   8.10584814815E-03
   1   1   2  -2.40044240741E-02
   2   1   2   8.10584814815E-03
   3   1   2   7.52992592593E-03
   1   2   2   8.10584814815E-03
   2   2   2   8.10584814815E-03
   3   2   2  -4.16700962963E-03
   1   3   2  -2.40044240741E-02
   2   3   2  -2.89127362963E-02
   3   3   2  -4.16700962963E-03
   1   1   3  -2.40044240741E-02
   2   1   3   7.52992592593E-03
   3   1   3   8.10584814815E-03
   1   2   3  -2.40044240741E-02
   2   2   3  -4.16700962963E-03
   3   2   3  -2.89127362963E-02
   1   3   3   8.10584814815E-03
   2   3   3  -4.16700962963E-03
   3   3   3   8.10584814815E-03
   1   2   1   1
   1   1   1   0.00000000000E+00
   2   1   1   0.00000000000E+00
   3   1   1   0.00000000000E+00
   1   2   1   0.00000000000E+00
   2   2   1   3.80375777778E-03
   3   2   1  -5.28296144444E-02
   1   3   1   0.00000000000E+00
   2   3   1  -5.28296144444E-02
   3   3   1   3.80375777778E-03
   1   1   2   5.28296144444E-02
   2   1   2  -3.80375777778E-03
   3   1   2   2.56996070515E-19
   1   2   2  -3.80375777778E-03
   2   2   2   3.80375777778E-03
   3   2   2  -2.22565125739E-19
   1   3   2   1.28498035258E-18
   2   3   2   2.22565125739E-19
   3   3   2  -1.54197642309E-18
   1   1   3   5.28296144444E-02
   2   1   3   2.56996070515E-19
   3   1   3  -3.80375777778E-03
   1   2   3   1.28498035258E-18
   2   2   3  -1.54197642309E-18
   3   2   3   2.22565125739E-19
   1   3   3  -3.80375777778E-03
   2   3   3  -2.22565125739E-19
   3   3   3   3.80375777778E-03
   1   3   1   1
   1   1   1   1.02798428206E-18
   2   1   1   5.28296144444E-02
   3   1   1   5.28296144444E-02
   1   2   1   0.00000000000E+00
   2   2   1  -3.80375777778E-03
   3   2   1  -7.70988211545E-19
   1   3   1   0.00000000000E+00
   2   3   1  -7.70988211545E-19
   3   3   1  -3.80375777778E-03
   1   1   2  -5.13992141030E-19
   2   1   2  -3.80375777778E-03
   3   1   2  -7.70988211545E-19
   1   2   2   3.80375777778E-03
   2   2   2   3.80375777778E-03
   3   2   2   1.16447204586E-18
   1   3   2  -5.28296144444E-02
   2   3   2  -3.93483834313E-19
   3   3   2  -7.70988211545E-19
   1   1   3  -5.13992141030E-19
   2   1   3  -7.70988211545E-19
   3   1   3  -3.80375777778E-03
   1   2   3  -5.28296144444E-02
   2   2   3  -7.70988211545E-19
   3   2   3  -3.93483834313E-19
   1   3   3   3.80375777778E-03
   2   3   3   1.16447204586E-18
   3   3   3   3.80375777778E-03
   2   1   1   1
   1   1   1   0.00000000000E+00
   2   1   1   0.00000000000E+00
   3   1   1   0.00000000000E+00
   1   2   1   0.00000000000E+00
   2   2   1   3.80375777778E-03
   3   2   1  -5.28296144444E-02
   1   3   1   0.00000000000E+00
   2   3   1  -5.28296144444E-02
   3   3   1   3.80375777778E-03
   1   1   2   5.28296144444E-02
   2   1   2  -3.80375777778E-03
   3   1   2   2.56996070515E-19
   1   2   2  -3.80375777778E-03
   2   2   2   3.80375777778E-03
   3   2   2  -2.22565125739E-19
   1   3   2   1.28498035258E-18
   2   3   2   2.22565125739E-19
   3   3   2  -1.54197642309E-18
   1   1   3   5.28296144444E-02
   2   1   3   2.56996070515E-19
   3   1   3  -3.80375777778E-03
   1   2   3   1.28498035258E-18
   2   2   3  -1.54197642309E-18
   3   2   3   2.22565125739E-19
   1   3   3  -3.80375777778E-03
   2   3   3  -2.22565125739E-19
   3   3   3   3.80375777778E-03
   2   2   1   1
   1   1   1   1.71573364815E-01
   2   1   1   7.52992592593E-03
   3   1   1   7.52992592593E-03
   1   2   1  -2.40044240741E-02
   2   2   1   8.10584814815E-03
   3   2   1  -2.40044240741E-02
   1   3   1  -2.40044240741E-02
   2   3   1  -2.40044240741E-02
   3   3   1   8.10584814815E-03
   1   1   2  -2.40044240741E-02
   2   1   2   8.10584814815E-03
   3   1   2  -2.40044240741E-02
   1   2   2   8.10584814815E-03
   2   2   2   8.10584814815E-03
   3   2   2  -2.89127362963E-02
   1   3   2   7.52992592593E-03
   2   3   2  -4.16700962963E-03
   3   3   2  -4.16700962963E-03
   1   1   3  -2.40044240741E-02
   2   1   3  -2.40044240741E-02
   3   1   3   8.10584814815E-03
   1   2   3   7.52992592593E-03
   2   2   3  -4.16700962963E-03
   3   2   3  -4.16700962963E-03
   1   3   3   8.10584814815E-03
   2   3   3  -2.89127362963E-02
   3   3   3   8.10584814815E-03
   2   3   1   1
   1   1   1   2.05596856412E-18
   2   1   1   0.00000000000E+00
   3   1   1   0.00000000000E+00
   1   2   1  -5.28296144444E-02
   2   2   1   3.80375777778E-03
   3   2   1  -7.70988211545E-19
   1   3   1  -5.28296144444E-02
   2   3   1  -7.70988211545E-19
   3   3   1   3.80375777778E-03
   1   1   2  -1.02798428206E-18
   2   1   2  -3.80375777778E-03
   3   1   2   5.28296144444E-02
   1   2   2   3.80375777778E-03
   2   2   2  -3.80375777778E-03
   3   2   2   6.08059231511E-19
   1   3   2  -1.28498035258E-18
   2   3   2   1.62928980034E-19
   3   3   2   0.00000000000E+00
   1   1   3  -1.02798428206E-18
   2   1   3   5.28296144444E-02
   3   1   3  -3.80375777778E-03
   1   2   3  -1.28498035258E-18
   2   2   3   0.00000000000E+00
   3   2   3   1.62928980034E-19
   1   3   3   3.80375777778E-03
   2   3   3   6.08059231511E-19
   3   3   3  -3.80375777778E-03
   3   1   1   1
   1   1   1   1.02798428206E-18
   2   1   1   5.28296144444E-02
   3   1   1   5.28296144444E-02
   1   2   1   0.00000000000E+00
   2   2   1  -3.80375777778E-03
   3   2   1  -7.70988211545E-19
   1   3   1   0.00000000000E+00
   2   3   1  -7.70988211545E-19
   3   3   1  -3.80375777778E-03
   1   1   2  -5.13992141030E-19
   2   1   2  -3.80375777778E-03
   3   1   2  -7.70988211545E-19
   1   2   2   3.80375777778E-03
   2   2   2   3.80375777778E-03
   3   2   2   1.16447204586E-18
   1   3   2  -5.28296144444E-02
   2   3   2  -3.93483834313E-19
   3   3   2  -7.70988211545E-19
   1   1   3  -5.13992141030E-19
   2   1   3  -7.70988211545E-19
   3   1   3  -3.80375777778E-03
   1   2   3  -5.28296144444E-02
   2   2   3  -7.70988211545E-19
   3   2   3  -3.93483834313E-19
   1   3   3   3.80375777778E-03
   2   3   3   1.16447204586E-18
   3   3   3   3.80375777778E-03
   3   2   1   1
   1   1   1   2.05596856412E-18
   2   1   1   0.00000000000E+00
   3   1   1   0.00000000000E+00
   1   2   1  -5.28296144444E-02
   2   2   1   3.80375777778E-03
   3   2   1  -7.70988211545E-19
   1   3   1  -5.28296144444E-02
   2   3   1  -7.70988211545E-19
   3   3   1   3.80375777778E-03
   1   1   2  -1.02798428206E-18
   2   1   2  -3.80375777778E-03
   3   1   2   5.28296144444E-02
   1   2   2   3.80375777778E-03
   2   2   2  -3.80375777778E-03
   3   2   2   6.08059231511E-19
   1   3   2  -1.28498035258E-18
   2   3   2   1.62928980034E-19
   3   3   2   0.00000000000E+00
   1   1   3  -1.02798428206E-18
   2   1   3   5.28296144444E-02
   3   1   3  -3.80375777778E-03
   1   2   3  -1.28498035258E-18
   2   2   3   0.00000000000E+00
   3   2   3   1.62928980034E-19
   1   3   3   3.80375777778E-03
   2   3   3   6.08059231511E-19
   3   3   3  -3.80375777778E-03
   3   3   1   1
   1   1   1   1.71573364815E-01
   2   1   1  -2.40044240741E-02
   3   1   1  -2.40044240741E-02
   1   2   1  -2.40044240741E-02
   2   2   1   8.10584814815E-03
   3   2   1   7.52992592593E-03
   1   3   1  -2.40044240741E-02
   2   3   1   7.52992592593E-03
   3   3   1   8.10584814815E-03
   1   1   2   7.52992592593E-03
   2   1   2   8.10584814815E-03
   3   1   2  -2.40044240741E-02
   1   2   2   8.10584814815E-03
   2   2   2   8.10584814815E-03
   3   2   2  -4.16700962963E-03
   1   3   2  -2.40044240741E-02
   2   3   2  -4.16700962963E-03
   3   3   2  -2.89127362963E-02
   1   1   3   7.52992592593E-03
   2   1   3  -2.40044240741E-02
   3   1   3   8.10584814815E-03
   1   2   3  -2.40044240741E-02
   2   2   3  -2.89127362963E-02
   3   2   3  -4.16700962963E-03
   1   3   3   8.10584814815E-03
   2   3   3  -4.16700962963E-03
   3   3   3   8.10584814815E-03
